# transform file transforms/talairach_with_skull.lta
# created by ubuntu on Sun Dec 31 03:10:32 2017

type      = 0 # LINEAR_VOX_TO_VOX
nxforms   = 1
mean      = 125.0000 149.0000 135.0000
sigma     = 10000.0000
1 4 4
1.056954264640808e+00 7.957984507083893e-02 6.198180466890335e-02 -2.548414421081543e+01 
-1.069701686501503e-01 1.134909987449646e+00 2.717240452766418e-01 -3.810998153686523e+01 
-6.262741237878799e-02 -2.210352867841721e-01 9.347882866859436e-01 3.000528717041016e+01 
0.000000000000000e+00 0.000000000000000e+00 0.000000000000000e+00 1.000000000000000e+00 
src volume info
valid = 1  # volume info valid
filename = nu.mgz
volume = 256 256 256
voxelsize = 1.000000000000000e+00 1.000000000000000e+00 1.000000000000000e+00
xras   = -1.000000000000000e+00 0.000000000000000e+00 0.000000000000000e+00
yras   = 0.000000000000000e+00 0.000000000000000e+00 -1.000000000000000e+00
zras   = 0.000000000000000e+00 1.000000000000000e+00 0.000000000000000e+00
cras   = 2.058795166015625e+02 2.657529907226562e+02 5.195180664062500e+02
dst volume info
valid = 1  # volume info valid
filename = /usr/local/freesurfer/average/RB_all_withskull_2016-05-10.vc700.gca
volume = 256 256 256
voxelsize = 1.000000000000000e+00 1.000000000000000e+00 1.000000000000000e+00
xras   = -1.000000000000000e+00 0.000000000000000e+00 0.000000000000000e+00
yras   = 0.000000000000000e+00 0.000000000000000e+00 -1.000000000000000e+00
zras   = 0.000000000000000e+00 1.000000000000000e+00 0.000000000000000e+00
cras   = 0.000000000000000e+00 0.000000000000000e+00 0.000000000000000e+00
