# transform file /usr/local/freesurfer/subjects/3835/mri/transforms/cc_up.lta
# created by ubuntu on Sat Jan 13 18:55:30 2018

type      = 0 # LINEAR_VOX_TO_VOX
nxforms   = 1
mean      = 128.0000 98.0000 111.0000
sigma     = 10000.0000
1 4 4
9.993353486061096e-01 2.348331175744534e-02 -2.788201533257961e-02 9.623226523399353e-01 
-2.347417548298836e-02 9.997242093086243e-01 6.549425888806581e-04 5.196229934692383e+01 
2.788970619440079e-02 5.820766091346741e-11 9.996109604835510e-01 2.646824455261230e+01 
0.000000000000000e+00 0.000000000000000e+00 0.000000000000000e+00 1.000000000000000e+00 
src volume info
valid = 1  # volume info valid
filename = /usr/local/freesurfer/subjects/3835/mri/norm.mgz
volume = 256 256 256
voxelsize = 1.000000000000000e+00 1.000000000000000e+00 1.000000000000000e+00
xras   = -1.000000000000000e+00 0.000000000000000e+00 0.000000000000000e+00
yras   = 0.000000000000000e+00 0.000000000000000e+00 -1.000000000000000e+00
zras   = 0.000000000000000e+00 1.000000000000000e+00 0.000000000000000e+00
cras   = 2.361401367187500e+02 2.721929016113281e+02 4.955977783203125e+02
dst volume info
valid = 1  # volume info valid
filename = /usr/local/freesurfer/subjects/3835/mri/norm.mgz
volume = 256 256 256
voxelsize = 1.000000000000000e+00 1.000000000000000e+00 1.000000000000000e+00
xras   = -1.000000000000000e+00 0.000000000000000e+00 0.000000000000000e+00
yras   = 0.000000000000000e+00 0.000000000000000e+00 -1.000000000000000e+00
zras   = 0.000000000000000e+00 1.000000000000000e+00 0.000000000000000e+00
cras   = 2.361401367187500e+02 2.721929016113281e+02 4.955977783203125e+02
