# transform file /usr/local/freesurfer/subjects/3235/mri/transforms/cc_up.lta
# created by ubuntu on Tue Jan  2 12:35:30 2018

type      = 0 # LINEAR_VOX_TO_VOX
nxforms   = 1
mean      = 127.0000 133.0000 121.0000
sigma     = 10000.0000
1 4 4
9.971016049385071e-01 6.742897629737854e-02 3.523832187056541e-02 -8.622827529907227e+00 
-6.738691031932831e-02 9.977240562438965e-01 -2.381504280492663e-03 2.197101783752441e+01 
-3.531870245933533e-02 2.328306436538696e-10 9.993761181831360e-01 2.249602127075195e+01 
0.000000000000000e+00 0.000000000000000e+00 0.000000000000000e+00 1.000000000000000e+00 
src volume info
valid = 1  # volume info valid
filename = /usr/local/freesurfer/subjects/3235/mri/norm.mgz
volume = 256 256 256
voxelsize = 1.000000000000000e+00 1.000000000000000e+00 1.000000000000000e+00
xras   = -1.000000000000000e+00 0.000000000000000e+00 0.000000000000000e+00
yras   = 0.000000000000000e+00 0.000000000000000e+00 -1.000000000000000e+00
zras   = 0.000000000000000e+00 1.000000000000000e+00 0.000000000000000e+00
cras   = 7.317881469726562e+02 7.789062500000000e+02 5.631305313110352e+01
dst volume info
valid = 1  # volume info valid
filename = /usr/local/freesurfer/subjects/3235/mri/norm.mgz
volume = 256 256 256
voxelsize = 1.000000000000000e+00 1.000000000000000e+00 1.000000000000000e+00
xras   = -1.000000000000000e+00 0.000000000000000e+00 0.000000000000000e+00
yras   = 0.000000000000000e+00 0.000000000000000e+00 -1.000000000000000e+00
zras   = 0.000000000000000e+00 1.000000000000000e+00 0.000000000000000e+00
cras   = 7.317881469726562e+02 7.789062500000000e+02 5.631305313110352e+01
