# transform file /usr/local/freesurfer/subjects/3231/mri/transforms/cc_up.lta
# created by ubuntu on Tue Jan  2 11:32:30 2018

type      = 0 # LINEAR_VOX_TO_VOX
nxforms   = 1
mean      = 129.0000 141.0000 130.0000
sigma     = 10000.0000
1 4 4
9.994445443153381e-01 3.190989792346954e-02 -9.596629999577999e-03 -4.507199764251709e+00 
-3.190842643380165e-02 9.994906187057495e-01 3.063835320062935e-04 1.817236328125000e+01 
9.601519443094730e-03 0.000000000000000e+00 9.999537467956543e-01 8.756536483764648e+00 
0.000000000000000e+00 0.000000000000000e+00 0.000000000000000e+00 1.000000000000000e+00 
src volume info
valid = 1  # volume info valid
filename = /usr/local/freesurfer/subjects/3231/mri/norm.mgz
volume = 256 256 256
voxelsize = 1.000000000000000e+00 1.000000000000000e+00 1.000000000000000e+00
xras   = -1.000000000000000e+00 0.000000000000000e+00 0.000000000000000e+00
yras   = 0.000000000000000e+00 0.000000000000000e+00 -1.000000000000000e+00
zras   = 0.000000000000000e+00 1.000000000000000e+00 0.000000000000000e+00
cras   = 7.350692138671875e+02 7.467882080078125e+02 1.937202453613281e+00
dst volume info
valid = 1  # volume info valid
filename = /usr/local/freesurfer/subjects/3231/mri/norm.mgz
volume = 256 256 256
voxelsize = 1.000000000000000e+00 1.000000000000000e+00 1.000000000000000e+00
xras   = -1.000000000000000e+00 0.000000000000000e+00 0.000000000000000e+00
yras   = 0.000000000000000e+00 0.000000000000000e+00 -1.000000000000000e+00
zras   = 0.000000000000000e+00 1.000000000000000e+00 0.000000000000000e+00
cras   = 7.350692138671875e+02 7.467882080078125e+02 1.937202453613281e+00
