# transform file /usr/local/freesurfer/subjects/3369/mri/transforms/cc_up.lta
# created by ubuntu on Wed Jan  3 21:27:14 2018

type      = 0 # LINEAR_VOX_TO_VOX
nxforms   = 1
mean      = 129.0000 139.0000 119.0000
sigma     = 10000.0000
1 4 4
9.995654225349426e-01 -2.930879592895508e-02 -3.129849443212152e-03 3.696588039398193e+00 
2.930865250527859e-02 9.995703101158142e-01 -9.177155152428895e-05 1.127736759185791e+01 
3.131194505840540e-03 0.000000000000000e+00 9.999950528144836e-01 2.259658813476562e+01 
0.000000000000000e+00 0.000000000000000e+00 0.000000000000000e+00 1.000000000000000e+00 
src volume info
valid = 1  # volume info valid
filename = /usr/local/freesurfer/subjects/3369/mri/norm.mgz
volume = 256 256 256
voxelsize = 1.000000000000000e+00 1.000000000000000e+00 1.000000000000000e+00
xras   = -1.000000000000000e+00 0.000000000000000e+00 0.000000000000000e+00
yras   = 0.000000000000000e+00 0.000000000000000e+00 -1.000000000000000e+00
zras   = 0.000000000000000e+00 1.000000000000000e+00 0.000000000000000e+00
cras   = 2.046016235351562e+02 2.998675537109375e+02 5.186611938476562e+02
dst volume info
valid = 1  # volume info valid
filename = /usr/local/freesurfer/subjects/3369/mri/norm.mgz
volume = 256 256 256
voxelsize = 1.000000000000000e+00 1.000000000000000e+00 1.000000000000000e+00
xras   = -1.000000000000000e+00 0.000000000000000e+00 0.000000000000000e+00
yras   = 0.000000000000000e+00 0.000000000000000e+00 -1.000000000000000e+00
zras   = 0.000000000000000e+00 1.000000000000000e+00 0.000000000000000e+00
cras   = 2.046016235351562e+02 2.998675537109375e+02 5.186611938476562e+02
