# transform file /usr/local/freesurfer/subjects/3601/mri/transforms/cc_up.lta
# created by ubuntu on Fri Jan 19 19:57:15 2018

type      = 0 # LINEAR_VOX_TO_VOX
nxforms   = 1
mean      = 129.0000 127.0000 105.0000
sigma     = 10000.0000
1 4 4
9.998981952667236e-01 1.405660249292850e-02 2.484067576006055e-03 -2.246685028076172e+00 
-1.405655965209007e-02 9.999012947082520e-01 -3.492099858704023e-05 1.882003211975098e+01 
-2.484312979504466e-03 0.000000000000000e+00 9.999969601631165e-01 3.731944656372070e+01 
0.000000000000000e+00 0.000000000000000e+00 0.000000000000000e+00 1.000000000000000e+00 
src volume info
valid = 1  # volume info valid
filename = /usr/local/freesurfer/subjects/3601/mri/norm.mgz
volume = 256 256 256
voxelsize = 1.000000000000000e+00 1.000000000000000e+00 1.000000000000000e+00
xras   = -1.000000000000000e+00 0.000000000000000e+00 0.000000000000000e+00
yras   = 0.000000000000000e+00 0.000000000000000e+00 -1.000000000000000e+00
zras   = 0.000000000000000e+00 1.000000000000000e+00 0.000000000000000e+00
cras   = 2.160266418457031e+02 2.801052246093750e+02 5.273893432617188e+02
dst volume info
valid = 1  # volume info valid
filename = /usr/local/freesurfer/subjects/3601/mri/norm.mgz
volume = 256 256 256
voxelsize = 1.000000000000000e+00 1.000000000000000e+00 1.000000000000000e+00
xras   = -1.000000000000000e+00 0.000000000000000e+00 0.000000000000000e+00
yras   = 0.000000000000000e+00 0.000000000000000e+00 -1.000000000000000e+00
zras   = 0.000000000000000e+00 1.000000000000000e+00 0.000000000000000e+00
cras   = 2.160266418457031e+02 2.801052246093750e+02 5.273893432617188e+02
