# transform file /usr/local/freesurfer/subjects/3964/mri/transforms/cc_up.lta
# created by ubuntu on Fri Jan 19 04:11:51 2018

type      = 0 # LINEAR_VOX_TO_VOX
nxforms   = 1
mean      = 127.0000 107.0000 111.0000
sigma     = 10000.0000
1 4 4
9.997289776802063e-01 -2.169372700154781e-02 -8.437367156147957e-03 4.949653625488281e+00 
2.169295214116573e-02 9.997646212577820e-01 -1.830810069805011e-04 2.630665016174316e+01 
8.439353667199612e-03 -1.455191349364338e-11 9.999642968177795e-01 4.394017028808594e+01 
0.000000000000000e+00 0.000000000000000e+00 0.000000000000000e+00 1.000000000000000e+00 
src volume info
valid = 1  # volume info valid
filename = /usr/local/freesurfer/subjects/3964/mri/norm.mgz
volume = 256 256 256
voxelsize = 1.000000000000000e+00 1.000000000000000e+00 1.000000000000000e+00
xras   = -1.000000000000000e+00 0.000000000000000e+00 0.000000000000000e+00
yras   = 0.000000000000000e+00 0.000000000000000e+00 -9.999999403953552e-01
zras   = 0.000000000000000e+00 9.999999403953552e-01 0.000000000000000e+00
cras   = 1.865810852050781e+02 2.853966674804688e+02 5.329710083007812e+02
dst volume info
valid = 1  # volume info valid
filename = /usr/local/freesurfer/subjects/3964/mri/norm.mgz
volume = 256 256 256
voxelsize = 1.000000000000000e+00 1.000000000000000e+00 1.000000000000000e+00
xras   = -1.000000000000000e+00 0.000000000000000e+00 0.000000000000000e+00
yras   = 0.000000000000000e+00 0.000000000000000e+00 -9.999999403953552e-01
zras   = 0.000000000000000e+00 9.999999403953552e-01 0.000000000000000e+00
cras   = 1.865810852050781e+02 2.853966674804688e+02 5.329710083007812e+02
