# transform file transforms/talairach_with_skull.lta
# created by ubuntu on Sun Dec 31 03:18:52 2017

type      = 0 # LINEAR_VOX_TO_VOX
nxforms   = 1
mean      = 129.0000 153.0000 133.0000
sigma     = 10000.0000
1 4 4
1.004163146018982e+00 1.382294595241547e-01 -8.924507349729538e-02 -1.082822132110596e+01 
-6.496733427047729e-02 1.077296495437622e+00 4.857175350189209e-01 -6.796200561523438e+01 
1.280899345874786e-01 -4.060522913932800e-01 8.444994688034058e-01 5.034111022949219e+01 
0.000000000000000e+00 0.000000000000000e+00 0.000000000000000e+00 1.000000000000000e+00 
src volume info
valid = 1  # volume info valid
filename = nu.mgz
volume = 256 256 256
voxelsize = 1.000000000000000e+00 1.000000000000000e+00 1.000000000000000e+00
xras   = -1.000000000000000e+00 0.000000000000000e+00 0.000000000000000e+00
yras   = 0.000000000000000e+00 0.000000000000000e+00 -1.000000000000000e+00
zras   = 0.000000000000000e+00 1.000000000000000e+00 0.000000000000000e+00
cras   = 2.052048339843750e+02 2.691265258789062e+02 5.188433837890625e+02
dst volume info
valid = 1  # volume info valid
filename = /usr/local/freesurfer/average/RB_all_withskull_2016-05-10.vc700.gca
volume = 256 256 256
voxelsize = 1.000000000000000e+00 1.000000000000000e+00 1.000000000000000e+00
xras   = -1.000000000000000e+00 0.000000000000000e+00 0.000000000000000e+00
yras   = 0.000000000000000e+00 0.000000000000000e+00 -1.000000000000000e+00
zras   = 0.000000000000000e+00 1.000000000000000e+00 0.000000000000000e+00
cras   = 0.000000000000000e+00 0.000000000000000e+00 0.000000000000000e+00
