# transform file /usr/local/freesurfer/subjects/3962/mri/transforms/cc_up.lta
# created by ubuntu on Fri Jan 19 04:25:47 2018

type      = 0 # LINEAR_VOX_TO_VOX
nxforms   = 1
mean      = 129.0000 107.0000 104.0000
sigma     = 10000.0000
1 4 4
9.933727979660034e-01 -5.161989107728004e-02 1.026932671666145e-01 -3.809176445007324e+00 
5.134624987840652e-02 9.986667633056641e-01 5.308092106133699e-03 2.500709915161133e+01 
-1.028303578495979e-01 0.000000000000000e+00 9.946989417076111e-01 5.781323623657227e+01 
0.000000000000000e+00 0.000000000000000e+00 0.000000000000000e+00 1.000000000000000e+00 
src volume info
valid = 1  # volume info valid
filename = /usr/local/freesurfer/subjects/3962/mri/norm.mgz
volume = 256 256 256
voxelsize = 1.000000000000000e+00 1.000000000000000e+00 1.000000000000000e+00
xras   = -1.000000000000000e+00 0.000000000000000e+00 0.000000000000000e+00
yras   = 0.000000000000000e+00 0.000000000000000e+00 -1.000000000000000e+00
zras   = 0.000000000000000e+00 1.000000000000000e+00 0.000000000000000e+00
cras   = 1.909714050292969e+02 2.875919189453125e+02 5.351660766601562e+02
dst volume info
valid = 1  # volume info valid
filename = /usr/local/freesurfer/subjects/3962/mri/norm.mgz
volume = 256 256 256
voxelsize = 1.000000000000000e+00 1.000000000000000e+00 1.000000000000000e+00
xras   = -1.000000000000000e+00 0.000000000000000e+00 0.000000000000000e+00
yras   = 0.000000000000000e+00 0.000000000000000e+00 -1.000000000000000e+00
zras   = 0.000000000000000e+00 1.000000000000000e+00 0.000000000000000e+00
cras   = 1.909714050292969e+02 2.875919189453125e+02 5.351660766601562e+02
