# transform file /usr/local/freesurfer/subjects/4022/mri/transforms/cc_up.lta
# created by ubuntu on Tue Jan 16 07:02:51 2018

type      = 0 # LINEAR_VOX_TO_VOX
nxforms   = 1
mean      = 122.0000 120.0000 117.0000
sigma     = 10000.0000
1 4 4
9.656803011894226e-01 -1.798959821462631e-01 1.873477399349213e-01 1.124165630340576e+01 
1.766031533479691e-01 9.836857318878174e-01 3.426206856966019e-02 3.789324045181274e+00 
-1.904549002647400e-01 0.000000000000000e+00 9.816960096359253e-01 4.581312179565430e+01 
0.000000000000000e+00 0.000000000000000e+00 0.000000000000000e+00 1.000000000000000e+00 
src volume info
valid = 1  # volume info valid
filename = /usr/local/freesurfer/subjects/4022/mri/norm.mgz
volume = 256 256 256
voxelsize = 1.000000000000000e+00 1.000000000000000e+00 1.000000000000000e+00
xras   = -1.000000000000000e+00 0.000000000000000e+00 0.000000000000000e+00
yras   = 0.000000000000000e+00 0.000000000000000e+00 -1.000000000000000e+00
zras   = 0.000000000000000e+00 1.000000000000000e+00 0.000000000000000e+00
cras   = 2.160000000000000e+02 2.725000000000000e+02 5.290000000000000e+02
dst volume info
valid = 1  # volume info valid
filename = /usr/local/freesurfer/subjects/4022/mri/norm.mgz
volume = 256 256 256
voxelsize = 1.000000000000000e+00 1.000000000000000e+00 1.000000000000000e+00
xras   = -1.000000000000000e+00 0.000000000000000e+00 0.000000000000000e+00
yras   = 0.000000000000000e+00 0.000000000000000e+00 -1.000000000000000e+00
zras   = 0.000000000000000e+00 1.000000000000000e+00 0.000000000000000e+00
cras   = 2.160000000000000e+02 2.725000000000000e+02 5.290000000000000e+02
