# transform file transforms/talairach.lta
# created by ubuntu on Mon Jan 15 20:53:19 2018

type      = 0 # LINEAR_VOX_TO_VOX
nxforms   = 1
mean      = 122.0000 120.0000 117.0000
sigma     = 10000.0000
1 4 4
1.084050893783569e+00 -1.950023174285889e-01 2.029229700565338e-01 -6.020060062408447e+00 
1.058330535888672e-01 1.062540173530579e+00 1.341228485107422e-01 -2.906121253967285e+01 
-1.799223870038986e-01 -1.077854260802269e-01 9.393799901008606e-01 3.577935409545898e+01 
0.000000000000000e+00 0.000000000000000e+00 0.000000000000000e+00 1.000000000000000e+00 
src volume info
valid = 1  # volume info valid
filename = nu.mgz
volume = 256 256 256
voxelsize = 1.000000000000000e+00 1.000000000000000e+00 1.000000000000000e+00
xras   = -1.000000000000000e+00 0.000000000000000e+00 0.000000000000000e+00
yras   = 0.000000000000000e+00 0.000000000000000e+00 -1.000000000000000e+00
zras   = 0.000000000000000e+00 1.000000000000000e+00 0.000000000000000e+00
cras   = 2.160000000000000e+02 2.725000000000000e+02 5.290000000000000e+02
dst volume info
valid = 1  # volume info valid
filename = /usr/local/freesurfer/average/RB_all_2016-05-10.vc700.gca
volume = 256 256 256
voxelsize = 1.000000000000000e+00 1.000000000000000e+00 1.000000000000000e+00
xras   = -1.000000000000000e+00 0.000000000000000e+00 0.000000000000000e+00
yras   = 0.000000000000000e+00 0.000000000000000e+00 -1.000000000000000e+00
zras   = 0.000000000000000e+00 1.000000000000000e+00 0.000000000000000e+00
cras   = 0.000000000000000e+00 0.000000000000000e+00 0.000000000000000e+00
