# transform file /usr/local/freesurfer/subjects/3119/mri/transforms/cc_up.lta
# created by ubuntu on Sun Dec 31 15:23:28 2017

type      = 0 # LINEAR_VOX_TO_VOX
nxforms   = 1
mean      = 129.0000 131.0000 119.0000
sigma     = 10000.0000
1 4 4
9.959340691566467e-01 8.441997691988945e-03 -8.968951553106308e-02 9.619782447814941e+00 
-8.407972753047943e-03 9.999644160270691e-01 7.571857422590256e-04 1.399530792236328e+01 
8.969271183013916e-02 0.000000000000000e+00 9.959695339202881e-01 2.003369903564453e+01 
0.000000000000000e+00 0.000000000000000e+00 0.000000000000000e+00 1.000000000000000e+00 
src volume info
valid = 1  # volume info valid
filename = /usr/local/freesurfer/subjects/3119/mri/norm.mgz
volume = 256 256 256
voxelsize = 1.000000000000000e+00 1.000000000000000e+00 1.000000000000000e+00
xras   = -1.000000000000000e+00 0.000000000000000e+00 0.000000000000000e+00
yras   = 0.000000000000000e+00 0.000000000000000e+00 -1.000000000000000e+00
zras   = 0.000000000000000e+00 1.000000000000000e+00 0.000000000000000e+00
cras   = 2.065541992187500e+02 2.785722961425781e+02 5.174940185546875e+02
dst volume info
valid = 1  # volume info valid
filename = /usr/local/freesurfer/subjects/3119/mri/norm.mgz
volume = 256 256 256
voxelsize = 1.000000000000000e+00 1.000000000000000e+00 1.000000000000000e+00
xras   = -1.000000000000000e+00 0.000000000000000e+00 0.000000000000000e+00
yras   = 0.000000000000000e+00 0.000000000000000e+00 -1.000000000000000e+00
zras   = 0.000000000000000e+00 1.000000000000000e+00 0.000000000000000e+00
cras   = 2.065541992187500e+02 2.785722961425781e+02 5.174940185546875e+02
