# transform file transforms/talairach_with_skull.lta
# created by ubuntu on Sun Dec 31 03:24:18 2017

type      = 0 # LINEAR_VOX_TO_VOX
nxforms   = 1
mean      = 127.0000 146.0000 128.0000
sigma     = 10000.0000
1 4 4
1.032494544982910e+00 -1.052280887961388e-02 -6.515984982252121e-02 1.236717939376831e+00 
2.503560297191143e-02 1.067943334579468e+00 4.498283863067627e-01 -6.979447174072266e+01 
6.167019158601761e-02 -3.389320969581604e-01 9.389087557792664e-01 3.558401107788086e+01 
0.000000000000000e+00 0.000000000000000e+00 0.000000000000000e+00 1.000000000000000e+00 
src volume info
valid = 1  # volume info valid
filename = nu.mgz
volume = 256 256 256
voxelsize = 1.000000000000000e+00 1.000000000000000e+00 1.000000000000000e+00
xras   = -1.000000000000000e+00 0.000000000000000e+00 0.000000000000000e+00
yras   = 0.000000000000000e+00 0.000000000000000e+00 -1.000000000000000e+00
zras   = 0.000000000000000e+00 1.000000000000000e+00 0.000000000000000e+00
cras   = 2.065541992187500e+02 2.785722961425781e+02 5.174940185546875e+02
dst volume info
valid = 1  # volume info valid
filename = /usr/local/freesurfer/average/RB_all_withskull_2016-05-10.vc700.gca
volume = 256 256 256
voxelsize = 1.000000000000000e+00 1.000000000000000e+00 1.000000000000000e+00
xras   = -1.000000000000000e+00 0.000000000000000e+00 0.000000000000000e+00
yras   = 0.000000000000000e+00 0.000000000000000e+00 -1.000000000000000e+00
zras   = 0.000000000000000e+00 1.000000000000000e+00 0.000000000000000e+00
cras   = 0.000000000000000e+00 0.000000000000000e+00 0.000000000000000e+00
