# transform file /usr/local/freesurfer/subjects/3710/mri/transforms/cc_up.lta
# created by ubuntu on Fri Jan 12 13:40:52 2018

type      = 0 # LINEAR_VOX_TO_VOX
nxforms   = 1
mean      = 129.0000 100.0000 116.0000
sigma     = 10000.0000
1 4 4
9.992000460624695e-01 7.541306316852570e-03 -3.927539661526680e-02 3.379897356033325e+00 
-7.535487413406372e-03 9.999716281890869e-01 2.961962018162012e-04 4.893756103515625e+01 
3.927651420235634e-02 0.000000000000000e+00 9.992284178733826e-01 1.804407310485840e+01 
0.000000000000000e+00 0.000000000000000e+00 0.000000000000000e+00 1.000000000000000e+00 
src volume info
valid = 1  # volume info valid
filename = /usr/local/freesurfer/subjects/3710/mri/norm.mgz
volume = 256 256 256
voxelsize = 1.000000000000000e+00 1.000000000000000e+00 1.000000000000000e+00
xras   = -1.000000000000000e+00 0.000000000000000e+00 0.000000000000000e+00
yras   = 0.000000000000000e+00 0.000000000000000e+00 -1.000000000000000e+00
zras   = 0.000000000000000e+00 1.000000000000000e+00 0.000000000000000e+00
cras   = 2.319307861328125e+02 3.100731201171875e+02 5.062000427246094e+02
dst volume info
valid = 1  # volume info valid
filename = /usr/local/freesurfer/subjects/3710/mri/norm.mgz
volume = 256 256 256
voxelsize = 1.000000000000000e+00 1.000000000000000e+00 1.000000000000000e+00
xras   = -1.000000000000000e+00 0.000000000000000e+00 0.000000000000000e+00
yras   = 0.000000000000000e+00 0.000000000000000e+00 -1.000000000000000e+00
zras   = 0.000000000000000e+00 1.000000000000000e+00 0.000000000000000e+00
cras   = 2.319307861328125e+02 3.100731201171875e+02 5.062000427246094e+02
