# transform file /usr/local/freesurfer/subjects/3232/mri/transforms/cc_up.lta
# created by ubuntu on Tue Jan  2 12:25:14 2018

type      = 0 # LINEAR_VOX_TO_VOX
nxforms   = 1
mean      = 125.0000 137.0000 126.0000
sigma     = 10000.0000
1 4 4
9.996317625045776e-01 2.672112546861172e-02 4.742657765746117e-03 -3.604084253311157e-01 
-2.672082558274269e-02 9.996430277824402e-01 -1.267744082724676e-04 1.841753196716309e+01 
-4.744351841509342e-03 0.000000000000000e+00 9.999887943267822e-01 3.598213434219360e+00 
0.000000000000000e+00 0.000000000000000e+00 0.000000000000000e+00 1.000000000000000e+00 
src volume info
valid = 1  # volume info valid
filename = /usr/local/freesurfer/subjects/3232/mri/norm.mgz
volume = 256 256 256
voxelsize = 1.000000000000000e+00 1.000000000000000e+00 1.000000000000000e+00
xras   = -1.000000000000000e+00 0.000000000000000e+00 0.000000000000000e+00
yras   = 0.000000000000000e+00 0.000000000000000e+00 -1.000000000000000e+00
zras   = 0.000000000000000e+00 1.000000000000000e+00 0.000000000000000e+00
cras   = 7.317882080078125e+02 7.823212280273438e+02 2.489699935913086e+01
dst volume info
valid = 1  # volume info valid
filename = /usr/local/freesurfer/subjects/3232/mri/norm.mgz
volume = 256 256 256
voxelsize = 1.000000000000000e+00 1.000000000000000e+00 1.000000000000000e+00
xras   = -1.000000000000000e+00 0.000000000000000e+00 0.000000000000000e+00
yras   = 0.000000000000000e+00 0.000000000000000e+00 -1.000000000000000e+00
zras   = 0.000000000000000e+00 1.000000000000000e+00 0.000000000000000e+00
cras   = 7.317882080078125e+02 7.823212280273438e+02 2.489699935913086e+01
