# transform file /usr/local/freesurfer/subjects/3571/mri/transforms/cc_up.lta
# created by ubuntu on Wed Jan 17 15:28:59 2018

type      = 0 # LINEAR_VOX_TO_VOX
nxforms   = 1
mean      = 127.0000 109.0000 110.0000
sigma     = 10000.0000
1 4 4
9.997109174728394e-01 -2.316389046609402e-02 6.457379087805748e-03 4.579892635345459e+00 
2.316340617835522e-02 9.997317790985107e-01 1.496181357651949e-04 3.309247970581055e+01 
-6.459112279117107e-03 0.000000000000000e+00 9.999791979789734e-01 3.781575775146484e+01 
0.000000000000000e+00 0.000000000000000e+00 0.000000000000000e+00 1.000000000000000e+00 
src volume info
valid = 1  # volume info valid
filename = /usr/local/freesurfer/subjects/3571/mri/norm.mgz
volume = 256 256 256
voxelsize = 1.000000000000000e+00 1.000000000000000e+00 1.000000000000000e+00
xras   = -1.000000000000000e+00 0.000000000000000e+00 0.000000000000000e+00
yras   = 0.000000000000000e+00 0.000000000000000e+00 -1.000000000000000e+00
zras   = 0.000000000000000e+00 1.000000000000000e+00 0.000000000000000e+00
cras   = 2.034236755371094e+02 2.781665649414062e+02 5.473898315429688e+02
dst volume info
valid = 1  # volume info valid
filename = /usr/local/freesurfer/subjects/3571/mri/norm.mgz
volume = 256 256 256
voxelsize = 1.000000000000000e+00 1.000000000000000e+00 1.000000000000000e+00
xras   = -1.000000000000000e+00 0.000000000000000e+00 0.000000000000000e+00
yras   = 0.000000000000000e+00 0.000000000000000e+00 -1.000000000000000e+00
zras   = 0.000000000000000e+00 1.000000000000000e+00 0.000000000000000e+00
cras   = 2.034236755371094e+02 2.781665649414062e+02 5.473898315429688e+02
