# transform file /usr/local/freesurfer/subjects/3572/mri/transforms/cc_up.lta
# created by ubuntu on Wed Jan 10 09:12:24 2018

type      = 0 # LINEAR_VOX_TO_VOX
nxforms   = 1
mean      = 129.0000 119.0000 120.0000
sigma     = 10000.0000
1 4 4
9.990720748901367e-01 2.674261294305325e-02 3.376046195626259e-02 -6.766810894012451e+00 
-2.672735787928104e-02 9.996423125267029e-01 -9.031660156324506e-04 3.557095336914062e+01 
-3.377254307270050e-02 0.000000000000000e+00 9.994295835494995e-01 2.040492248535156e+01 
0.000000000000000e+00 0.000000000000000e+00 0.000000000000000e+00 1.000000000000000e+00 
src volume info
valid = 1  # volume info valid
filename = /usr/local/freesurfer/subjects/3572/mri/norm.mgz
volume = 256 256 256
voxelsize = 1.000000000000000e+00 1.000000000000000e+00 1.000000000000000e+00
xras   = -1.000000000000000e+00 0.000000000000000e+00 0.000000000000000e+00
yras   = 0.000000000000000e+00 0.000000000000000e+00 -1.000000000000000e+00
zras   = 0.000000000000000e+00 1.000000000000000e+00 0.000000000000000e+00
cras   = 1.970169372558594e+02 2.779974365234375e+02 5.299155883789062e+02
dst volume info
valid = 1  # volume info valid
filename = /usr/local/freesurfer/subjects/3572/mri/norm.mgz
volume = 256 256 256
voxelsize = 1.000000000000000e+00 1.000000000000000e+00 1.000000000000000e+00
xras   = -1.000000000000000e+00 0.000000000000000e+00 0.000000000000000e+00
yras   = 0.000000000000000e+00 0.000000000000000e+00 -1.000000000000000e+00
zras   = 0.000000000000000e+00 1.000000000000000e+00 0.000000000000000e+00
cras   = 1.970169372558594e+02 2.779974365234375e+02 5.299155883789062e+02
