# transform file /usr/local/freesurfer/subjects/3966/mri/transforms/cc_up.lta
# created by ubuntu on Fri Jan 19 04:30:11 2018

type      = 0 # LINEAR_VOX_TO_VOX
nxforms   = 1
mean      = 128.0000 104.0000 109.0000
sigma     = 10000.0000
1 4 4
9.993286728858948e-01 -1.548226922750473e-02 -3.320630267262459e-02 5.126406192779541e+00 
1.547372899949551e-02 9.998801946640015e-01 -5.141705041751266e-04 4.308746719360352e+01 
3.321028500795364e-02 0.000000000000000e+00 9.994484186172485e-01 4.082807540893555e+01 
0.000000000000000e+00 0.000000000000000e+00 0.000000000000000e+00 1.000000000000000e+00 
src volume info
valid = 1  # volume info valid
filename = /usr/local/freesurfer/subjects/3966/mri/norm.mgz
volume = 256 256 256
voxelsize = 1.000000000000000e+00 1.000000000000000e+00 1.000000000000000e+00
xras   = -1.000000000000000e+00 0.000000000000000e+00 0.000000000000000e+00
yras   = 0.000000000000000e+00 0.000000000000000e+00 -1.000000000000000e+00
zras   = 0.000000000000000e+00 1.000000000000000e+00 0.000000000000000e+00
cras   = 2.085329284667969e+02 2.905187988281250e+02 5.366290893554688e+02
dst volume info
valid = 1  # volume info valid
filename = /usr/local/freesurfer/subjects/3966/mri/norm.mgz
volume = 256 256 256
voxelsize = 1.000000000000000e+00 1.000000000000000e+00 1.000000000000000e+00
xras   = -1.000000000000000e+00 0.000000000000000e+00 0.000000000000000e+00
yras   = 0.000000000000000e+00 0.000000000000000e+00 -1.000000000000000e+00
zras   = 0.000000000000000e+00 1.000000000000000e+00 0.000000000000000e+00
cras   = 2.085329284667969e+02 2.905187988281250e+02 5.366290893554688e+02
