# transform file transforms/talairach.lta
# created by ubuntu on Sun Dec 31 04:03:09 2017

type      = 0 # LINEAR_VOX_TO_VOX
nxforms   = 1
mean      = 135.0000 155.0000 136.0000
sigma     = 10000.0000
1 4 4
1.035432934761047e+00 -4.460778832435608e-02 6.026078760623932e-02 -1.342253494262695e+01 
1.134892925620079e-02 9.831299781799316e-01 4.359191358089447e-01 -8.131441497802734e+01 
-6.570223718881607e-02 -4.451058208942413e-01 9.576371312141418e-01 5.554032135009766e+01 
0.000000000000000e+00 0.000000000000000e+00 0.000000000000000e+00 1.000000000000000e+00 
src volume info
valid = 1  # volume info valid
filename = nu.mgz
volume = 256 256 256
voxelsize = 1.000000000000000e+00 1.000000000000000e+00 1.000000000000000e+00
xras   = -1.000000000000000e+00 0.000000000000000e+00 0.000000000000000e+00
yras   = 0.000000000000000e+00 0.000000000000000e+00 -1.000000000000000e+00
zras   = 0.000000000000000e+00 1.000000000000000e+00 0.000000000000000e+00
cras   = 2.160000000000000e+02 2.765481872558594e+02 5.040000000000000e+02
dst volume info
valid = 1  # volume info valid
filename = /usr/local/freesurfer/average/RB_all_2016-05-10.vc700.gca
volume = 256 256 256
voxelsize = 1.000000000000000e+00 1.000000000000000e+00 1.000000000000000e+00
xras   = -1.000000000000000e+00 0.000000000000000e+00 0.000000000000000e+00
yras   = 0.000000000000000e+00 0.000000000000000e+00 -1.000000000000000e+00
zras   = 0.000000000000000e+00 1.000000000000000e+00 0.000000000000000e+00
cras   = 0.000000000000000e+00 0.000000000000000e+00 0.000000000000000e+00
