# transform file /usr/local/freesurfer/subjects/3575/mri/transforms/cc_up.lta
# created by ubuntu on Wed Jan 17 15:07:04 2018

type      = 0 # LINEAR_VOX_TO_VOX
nxforms   = 1
mean      = 130.0000 109.0000 105.0000
sigma     = 10000.0000
1 4 4
9.956006407737732e-01 -2.854145690798759e-02 8.924631029367447e-02 -6.678602695465088e+00 
2.842747233808041e-02 9.995926618576050e-01 2.548257820308208e-03 2.311334609985352e+01 
-8.928268402814865e-02 0.000000000000000e+00 9.960063695907593e-01 5.198326110839844e+01 
0.000000000000000e+00 0.000000000000000e+00 0.000000000000000e+00 1.000000000000000e+00 
src volume info
valid = 1  # volume info valid
filename = /usr/local/freesurfer/subjects/3575/mri/norm.mgz
volume = 256 256 256
voxelsize = 1.000000000000000e+00 1.000000000000000e+00 1.000000000000000e+00
xras   = -1.000000000000000e+00 0.000000000000000e+00 0.000000000000000e+00
yras   = 0.000000000000000e+00 0.000000000000000e+00 -1.000000000000000e+00
zras   = 0.000000000000000e+00 1.000000000000000e+00 0.000000000000000e+00
cras   = 2.168854980468750e+02 2.706833496093750e+02 5.479978027343750e+02
dst volume info
valid = 1  # volume info valid
filename = /usr/local/freesurfer/subjects/3575/mri/norm.mgz
volume = 256 256 256
voxelsize = 1.000000000000000e+00 1.000000000000000e+00 1.000000000000000e+00
xras   = -1.000000000000000e+00 0.000000000000000e+00 0.000000000000000e+00
yras   = 0.000000000000000e+00 0.000000000000000e+00 -1.000000000000000e+00
zras   = 0.000000000000000e+00 1.000000000000000e+00 0.000000000000000e+00
cras   = 2.168854980468750e+02 2.706833496093750e+02 5.479978027343750e+02
