# transform file /usr/local/freesurfer/subjects/3237/mri/transforms/cc_up.lta
# created by ubuntu on Tue Jan  2 11:00:42 2018

type      = 0 # LINEAR_VOX_TO_VOX
nxforms   = 1
mean      = 131.0000 138.0000 127.0000
sigma     = 10000.0000
1 4 4
9.971982240676880e-01 -1.477360201533884e-04 -7.480566948652267e-02 6.286756038665771e+00 
1.473220909247175e-04 1.000000000000000e+00 -1.105149203795008e-05 1.398201751708984e+01 
7.480566948652267e-02 0.000000000000000e+00 9.971982240676880e-01 5.550811767578125e+00 
0.000000000000000e+00 0.000000000000000e+00 0.000000000000000e+00 1.000000000000000e+00 
src volume info
valid = 1  # volume info valid
filename = /usr/local/freesurfer/subjects/3237/mri/norm.mgz
volume = 256 256 256
voxelsize = 1.000000000000000e+00 1.000000000000000e+00 1.000000000000000e+00
xras   = -9.999999403953552e-01 0.000000000000000e+00 0.000000000000000e+00
yras   = 0.000000000000000e+00 0.000000000000000e+00 -1.000000000000000e+00
zras   = 0.000000000000000e+00 9.999999403953552e-01 0.000000000000000e+00
cras   = 7.297571411132812e+02 7.515781250000000e+02 -7.807807922363281e+00
dst volume info
valid = 1  # volume info valid
filename = /usr/local/freesurfer/subjects/3237/mri/norm.mgz
volume = 256 256 256
voxelsize = 1.000000000000000e+00 1.000000000000000e+00 1.000000000000000e+00
xras   = -9.999999403953552e-01 0.000000000000000e+00 0.000000000000000e+00
yras   = 0.000000000000000e+00 0.000000000000000e+00 -1.000000000000000e+00
zras   = 0.000000000000000e+00 9.999999403953552e-01 0.000000000000000e+00
cras   = 7.297571411132812e+02 7.515781250000000e+02 -7.807807922363281e+00
