# transform file /usr/local/freesurfer/subjects/3961/mri/transforms/cc_up.lta
# created by ubuntu on Fri Jan 19 04:20:26 2018

type      = 0 # LINEAR_VOX_TO_VOX
nxforms   = 1
mean      = 132.0000 110.0000 106.0000
sigma     = 10000.0000
1 4 4
9.994146227836609e-01 -1.894904673099518e-02 2.848464250564575e-02 -4.430315017700195e+00 
1.894135586917400e-02 9.998204708099365e-01 5.398537614382803e-04 1.847090911865234e+01 
-2.848975919187069e-02 0.000000000000000e+00 9.995941519737244e-01 4.279677581787109e+01 
0.000000000000000e+00 0.000000000000000e+00 0.000000000000000e+00 1.000000000000000e+00 
src volume info
valid = 1  # volume info valid
filename = /usr/local/freesurfer/subjects/3961/mri/norm.mgz
volume = 256 256 256
voxelsize = 1.000000000000000e+00 1.000000000000000e+00 1.000000000000000e+00
xras   = -1.000000000000000e+00 0.000000000000000e+00 0.000000000000000e+00
yras   = 0.000000000000000e+00 0.000000000000000e+00 -9.999999403953552e-01
zras   = 0.000000000000000e+00 9.999999403953552e-01 0.000000000000000e+00
cras   = 2.019470214843750e+02 2.853966674804688e+02 5.373609619140625e+02
dst volume info
valid = 1  # volume info valid
filename = /usr/local/freesurfer/subjects/3961/mri/norm.mgz
volume = 256 256 256
voxelsize = 1.000000000000000e+00 1.000000000000000e+00 1.000000000000000e+00
xras   = -1.000000000000000e+00 0.000000000000000e+00 0.000000000000000e+00
yras   = 0.000000000000000e+00 0.000000000000000e+00 -9.999999403953552e-01
zras   = 0.000000000000000e+00 9.999999403953552e-01 0.000000000000000e+00
cras   = 2.019470214843750e+02 2.853966674804688e+02 5.373609619140625e+02
