# transform file /usr/local/freesurfer/subjects/3829/mri/transforms/cc_up.lta
# created by ubuntu on Sat Jan 13 19:27:17 2018

type      = 0 # LINEAR_VOX_TO_VOX
nxforms   = 1
mean      = 128.0000 103.0000 111.0000
sigma     = 10000.0000
1 4 4
9.985564947128296e-01 5.153014883399010e-02 -1.516101974993944e-02 -2.682240247726440e+00 
-5.152421072125435e-02 9.986715912818909e-01 7.822888437658548e-04 5.163262176513672e+01 
1.518118847161531e-02 0.000000000000000e+00 9.998848438262939e-01 3.306753540039062e+01 
0.000000000000000e+00 0.000000000000000e+00 0.000000000000000e+00 1.000000000000000e+00 
src volume info
valid = 1  # volume info valid
filename = /usr/local/freesurfer/subjects/3829/mri/norm.mgz
volume = 256 256 256
voxelsize = 1.000000000000000e+00 1.000000000000000e+00 1.000000000000000e+00
xras   = -1.000000000000000e+00 0.000000000000000e+00 0.000000000000000e+00
yras   = 0.000000000000000e+00 0.000000000000000e+00 -1.000000000000000e+00
zras   = 0.000000000000000e+00 1.000000000000000e+00 0.000000000000000e+00
cras   = 2.023762817382812e+02 2.794527893066406e+02 5.220045166015625e+02
dst volume info
valid = 1  # volume info valid
filename = /usr/local/freesurfer/subjects/3829/mri/norm.mgz
volume = 256 256 256
voxelsize = 1.000000000000000e+00 1.000000000000000e+00 1.000000000000000e+00
xras   = -1.000000000000000e+00 0.000000000000000e+00 0.000000000000000e+00
yras   = 0.000000000000000e+00 0.000000000000000e+00 -1.000000000000000e+00
zras   = 0.000000000000000e+00 1.000000000000000e+00 0.000000000000000e+00
cras   = 2.023762817382812e+02 2.794527893066406e+02 5.220045166015625e+02
