# transform file /usr/local/freesurfer/subjects/3124/mri/transforms/cc_up.lta
# created by ubuntu on Sun Dec 31 15:38:16 2017

type      = 0 # LINEAR_VOX_TO_VOX
nxforms   = 1
mean      = 128.0000 129.0000 123.0000
sigma     = 10000.0000
1 4 4
9.980018138885498e-01 5.901391431689262e-02 -2.258022315800190e-02 -3.847956418991089e+00 
-5.899881944060326e-02 9.982572197914124e-01 1.334873843006790e-03 2.860764503479004e+01 
2.261964604258537e-02 0.000000000000000e+00 9.997441768646240e-01 1.612689208984375e+01 
0.000000000000000e+00 0.000000000000000e+00 0.000000000000000e+00 1.000000000000000e+00 
src volume info
valid = 1  # volume info valid
filename = /usr/local/freesurfer/subjects/3124/mri/norm.mgz
volume = 256 256 256
voxelsize = 1.000000000000000e+00 1.000000000000000e+00 1.000000000000000e+00
xras   = -1.000000000000000e+00 0.000000000000000e+00 0.000000000000000e+00
yras   = 0.000000000000000e+00 0.000000000000000e+00 -1.000000000000000e+00
zras   = 0.000000000000000e+00 1.000000000000000e+00 0.000000000000000e+00
cras   = 2.058795166015625e+02 2.765481872558594e+02 5.242409667968750e+02
dst volume info
valid = 1  # volume info valid
filename = /usr/local/freesurfer/subjects/3124/mri/norm.mgz
volume = 256 256 256
voxelsize = 1.000000000000000e+00 1.000000000000000e+00 1.000000000000000e+00
xras   = -1.000000000000000e+00 0.000000000000000e+00 0.000000000000000e+00
yras   = 0.000000000000000e+00 0.000000000000000e+00 -1.000000000000000e+00
zras   = 0.000000000000000e+00 1.000000000000000e+00 0.000000000000000e+00
cras   = 2.058795166015625e+02 2.765481872558594e+02 5.242409667968750e+02
