# transform file /usr/local/freesurfer/subjects/3834/mri/transforms/cc_up.lta
# created by ubuntu on Tue Jan 16 07:14:31 2018

type      = 0 # LINEAR_VOX_TO_VOX
nxforms   = 1
mean      = 128.0000 94.0000 106.0000
sigma     = 10000.0000
1 4 4
9.994918704032898e-01 -2.565466612577438e-02 1.891126111149788e-02 1.181172609329224e+00 
2.565007470548153e-02 9.996708035469055e-01 4.853218561038375e-04 3.769112396240234e+01 
-1.891748607158661e-02 0.000000000000000e+00 9.998209476470947e-01 4.744662475585938e+01 
0.000000000000000e+00 0.000000000000000e+00 0.000000000000000e+00 1.000000000000000e+00 
src volume info
valid = 1  # volume info valid
filename = /usr/local/freesurfer/subjects/3834/mri/norm.mgz
volume = 256 256 256
voxelsize = 1.000000000000000e+00 1.000000000000000e+00 1.000000000000000e+00
xras   = -1.000000000000000e+00 0.000000000000000e+00 0.000000000000000e+00
yras   = 0.000000000000000e+00 0.000000000000000e+00 -1.000000000000000e+00
zras   = 0.000000000000000e+00 1.000000000000000e+00 0.000000000000000e+00
cras   = 2.379507446289062e+02 2.794848632812500e+02 4.893287353515625e+02
dst volume info
valid = 1  # volume info valid
filename = /usr/local/freesurfer/subjects/3834/mri/norm.mgz
volume = 256 256 256
voxelsize = 1.000000000000000e+00 1.000000000000000e+00 1.000000000000000e+00
xras   = -1.000000000000000e+00 0.000000000000000e+00 0.000000000000000e+00
yras   = 0.000000000000000e+00 0.000000000000000e+00 -1.000000000000000e+00
zras   = 0.000000000000000e+00 1.000000000000000e+00 0.000000000000000e+00
cras   = 2.379507446289062e+02 2.794848632812500e+02 4.893287353515625e+02
