# transform file /usr/local/freesurfer/subjects/3600/mri/transforms/cc_up.lta
# created by ubuntu on Fri Jan 19 20:13:45 2018

type      = 0 # LINEAR_VOX_TO_VOX
nxforms   = 1
mean      = 129.0000 121.0000 141.0000
sigma     = 10000.0000
1 4 4
9.980741143226624e-01 5.589269846677780e-02 2.690535970032215e-02 -1.032798767089844e+01 
-5.587240308523178e-02 9.984366893768311e-01 -1.506167813204229e-03 3.558706283569336e+01 
-2.694748528301716e-02 0.000000000000000e+00 9.996368288993835e-01 2.537004470825195e+00 
0.000000000000000e+00 0.000000000000000e+00 0.000000000000000e+00 1.000000000000000e+00 
src volume info
valid = 1  # volume info valid
filename = /usr/local/freesurfer/subjects/3600/mri/norm.mgz
volume = 256 256 256
voxelsize = 1.000000000000000e+00 1.000000000000000e+00 1.000000000000000e+00
xras   = -1.000000000000000e+00 0.000000000000000e+00 0.000000000000000e+00
yras   = 0.000000000000000e+00 0.000000000000000e+00 -1.000000000000000e+00
zras   = 0.000000000000000e+00 1.000000000000000e+00 0.000000000000000e+00
cras   = 2.232905578613281e+02 2.922893676757812e+02 5.096320190429688e+02
dst volume info
valid = 1  # volume info valid
filename = /usr/local/freesurfer/subjects/3600/mri/norm.mgz
volume = 256 256 256
voxelsize = 1.000000000000000e+00 1.000000000000000e+00 1.000000000000000e+00
xras   = -1.000000000000000e+00 0.000000000000000e+00 0.000000000000000e+00
yras   = 0.000000000000000e+00 0.000000000000000e+00 -1.000000000000000e+00
zras   = 0.000000000000000e+00 1.000000000000000e+00 0.000000000000000e+00
cras   = 2.232905578613281e+02 2.922893676757812e+02 5.096320190429688e+02
