# transform file /usr/local/freesurfer/subjects/3711/mri/transforms/cc_up.lta
# created by ubuntu on Fri Jan 12 13:45:08 2018

type      = 0 # LINEAR_VOX_TO_VOX
nxforms   = 1
mean      = 128.0000 101.0000 116.0000
sigma     = 10000.0000
1 4 4
9.999626278877258e-01 -8.637174963951111e-03 3.414399398025125e-04 -3.580175936222076e-01 
8.637174963951111e-03 9.999626874923706e-01 2.949186864498188e-06 4.888838958740234e+01 
-3.414526581764221e-04 0.000000000000000e+00 9.999999403953552e-01 2.104404640197754e+01 
0.000000000000000e+00 0.000000000000000e+00 0.000000000000000e+00 1.000000000000000e+00 
src volume info
valid = 1  # volume info valid
filename = /usr/local/freesurfer/subjects/3711/mri/norm.mgz
volume = 256 256 256
voxelsize = 1.000000000000000e+00 1.000000000000000e+00 1.000000000000000e+00
xras   = -1.000000000000000e+00 0.000000000000000e+00 0.000000000000000e+00
yras   = 0.000000000000000e+00 0.000000000000000e+00 -1.000000000000000e+00
zras   = 0.000000000000000e+00 1.000000000000000e+00 0.000000000000000e+00
cras   = 2.039744873046875e+02 3.100415649414062e+02 5.274177246093750e+02
dst volume info
valid = 1  # volume info valid
filename = /usr/local/freesurfer/subjects/3711/mri/norm.mgz
volume = 256 256 256
voxelsize = 1.000000000000000e+00 1.000000000000000e+00 1.000000000000000e+00
xras   = -1.000000000000000e+00 0.000000000000000e+00 0.000000000000000e+00
yras   = 0.000000000000000e+00 0.000000000000000e+00 -1.000000000000000e+00
zras   = 0.000000000000000e+00 1.000000000000000e+00 0.000000000000000e+00
cras   = 2.039744873046875e+02 3.100415649414062e+02 5.274177246093750e+02
