# transform file transforms/talairach.lta
# created by ubuntu on Fri Jan 12 03:56:15 2018

type      = 0 # LINEAR_VOX_TO_VOX
nxforms   = 1
mean      = 128.0000 101.0000 116.0000
sigma     = 10000.0000
1 4 4
1.022168040275574e+00 -1.780675142072141e-03 -2.894943812862039e-03 -5.043019294738770e+00 
2.062091371044517e-03 1.050970435142517e+00 2.263493090867996e-01 -7.071870326995850e+00 
-2.437341259792447e-03 -2.319734096527100e-01 9.130610823631287e-01 2.975234603881836e+01 
0.000000000000000e+00 0.000000000000000e+00 0.000000000000000e+00 1.000000000000000e+00 
src volume info
valid = 1  # volume info valid
filename = nu.mgz
volume = 256 256 256
voxelsize = 1.000000000000000e+00 1.000000000000000e+00 1.000000000000000e+00
xras   = -1.000000000000000e+00 0.000000000000000e+00 0.000000000000000e+00
yras   = 0.000000000000000e+00 0.000000000000000e+00 -1.000000000000000e+00
zras   = 0.000000000000000e+00 1.000000000000000e+00 0.000000000000000e+00
cras   = 2.039744873046875e+02 3.100415649414062e+02 5.274177246093750e+02
dst volume info
valid = 1  # volume info valid
filename = /usr/local/freesurfer/average/RB_all_2016-05-10.vc700.gca
volume = 256 256 256
voxelsize = 1.000000000000000e+00 1.000000000000000e+00 1.000000000000000e+00
xras   = -1.000000000000000e+00 0.000000000000000e+00 0.000000000000000e+00
yras   = 0.000000000000000e+00 0.000000000000000e+00 -1.000000000000000e+00
zras   = 0.000000000000000e+00 1.000000000000000e+00 0.000000000000000e+00
cras   = 0.000000000000000e+00 0.000000000000000e+00 0.000000000000000e+00
