# transform file /usr/local/freesurfer/subjects/3831/mri/transforms/cc_up.lta
# created by ubuntu on Sat Jan 13 18:51:25 2018

type      = 0 # LINEAR_VOX_TO_VOX
nxforms   = 1
mean      = 129.0000 95.0000 117.0000
sigma     = 10000.0000
1 4 4
9.999024868011475e-01 -1.198538299649954e-02 7.170096971094608e-03 2.088325023651123e-01 
1.198507472872734e-02 9.999282360076904e-01 8.594253449700773e-05 4.846266555786133e+01 
-7.170611992478371e-03 -7.275957614183426e-12 9.999743103981018e-01 2.592049407958984e+01 
0.000000000000000e+00 0.000000000000000e+00 0.000000000000000e+00 1.000000000000000e+00 
src volume info
valid = 1  # volume info valid
filename = /usr/local/freesurfer/subjects/3831/mri/norm.mgz
volume = 256 256 256
voxelsize = 1.000000000000000e+00 1.000000000000000e+00 1.000000000000000e+00
xras   = -1.000000000000000e+00 0.000000000000000e+00 0.000000000000000e+00
yras   = 0.000000000000000e+00 0.000000000000000e+00 -1.000000000000000e+00
zras   = 0.000000000000000e+00 1.000000000000000e+00 0.000000000000000e+00
cras   = 2.426708068847656e+02 2.787207641601562e+02 4.931024169921875e+02
dst volume info
valid = 1  # volume info valid
filename = /usr/local/freesurfer/subjects/3831/mri/norm.mgz
volume = 256 256 256
voxelsize = 1.000000000000000e+00 1.000000000000000e+00 1.000000000000000e+00
xras   = -1.000000000000000e+00 0.000000000000000e+00 0.000000000000000e+00
yras   = 0.000000000000000e+00 0.000000000000000e+00 -1.000000000000000e+00
zras   = 0.000000000000000e+00 1.000000000000000e+00 0.000000000000000e+00
cras   = 2.426708068847656e+02 2.787207641601562e+02 4.931024169921875e+02
