# transform file /usr/local/freesurfer/subjects/4018/mri/transforms/cc_up.lta
# created by ubuntu on Tue Jan 16 06:40:10 2018

type      = 0 # LINEAR_VOX_TO_VOX
nxforms   = 1
mean      = 130.0000 110.0000 120.0000
sigma     = 10000.0000
1 4 4
9.972864985466003e-01 -5.353909358382225e-02 -5.053120851516724e-02 9.157441139221191e+00 
5.347050353884697e-02 9.985658526420593e-01 -2.709280699491501e-03 3.350173950195312e+01 
5.060378462076187e-02 2.328306714094452e-10 9.987188577651978e-01 1.158957576751709e+01 
0.000000000000000e+00 0.000000000000000e+00 0.000000000000000e+00 1.000000000000000e+00 
src volume info
valid = 1  # volume info valid
filename = /usr/local/freesurfer/subjects/4018/mri/norm.mgz
volume = 256 256 256
voxelsize = 1.000000000000000e+00 1.000000000000000e+00 1.000000000000000e+00
xras   = -1.000000000000000e+00 0.000000000000000e+00 0.000000000000000e+00
yras   = 0.000000000000000e+00 0.000000000000000e+00 -1.000000000000000e+00
zras   = 0.000000000000000e+00 1.000000000000000e+00 0.000000000000000e+00
cras   = 2.187118530273438e+02 2.765678100585938e+02 5.290000000000000e+02
dst volume info
valid = 1  # volume info valid
filename = /usr/local/freesurfer/subjects/4018/mri/norm.mgz
volume = 256 256 256
voxelsize = 1.000000000000000e+00 1.000000000000000e+00 1.000000000000000e+00
xras   = -1.000000000000000e+00 0.000000000000000e+00 0.000000000000000e+00
yras   = 0.000000000000000e+00 0.000000000000000e+00 -1.000000000000000e+00
zras   = 0.000000000000000e+00 1.000000000000000e+00 0.000000000000000e+00
cras   = 2.187118530273438e+02 2.765678100585938e+02 5.290000000000000e+02
