# transform file /usr/local/freesurfer/subjects/3126/mri/transforms/cc_up.lta
# created by ubuntu on Sun Dec 31 15:27:31 2017

type      = 0 # LINEAR_VOX_TO_VOX
nxforms   = 1
mean      = 130.0000 141.0000 123.0000
sigma     = 10000.0000
1 4 4
9.989625811576843e-01 3.211228549480438e-02 -3.228884562849998e-02 -7.822216749191284e-01 
-3.209552541375160e-02 9.994842410087585e-01 1.037403708323836e-03 1.107518863677979e+01 
3.230550512671471e-02 0.000000000000000e+00 9.994780421257019e-01 3.191291618347168e+01 
0.000000000000000e+00 0.000000000000000e+00 0.000000000000000e+00 1.000000000000000e+00 
src volume info
valid = 1  # volume info valid
filename = /usr/local/freesurfer/subjects/3126/mri/norm.mgz
volume = 256 256 256
voxelsize = 1.000000000000000e+00 1.000000000000000e+00 1.000000000000000e+00
xras   = -1.000000000000000e+00 0.000000000000000e+00 0.000000000000000e+00
yras   = 0.000000000000000e+00 0.000000000000000e+00 -1.000000000000000e+00
zras   = 0.000000000000000e+00 1.000000000000000e+00 0.000000000000000e+00
cras   = 2.031807250976562e+02 2.745241088867188e+02 5.181687011718750e+02
dst volume info
valid = 1  # volume info valid
filename = /usr/local/freesurfer/subjects/3126/mri/norm.mgz
volume = 256 256 256
voxelsize = 1.000000000000000e+00 1.000000000000000e+00 1.000000000000000e+00
xras   = -1.000000000000000e+00 0.000000000000000e+00 0.000000000000000e+00
yras   = 0.000000000000000e+00 0.000000000000000e+00 -1.000000000000000e+00
zras   = 0.000000000000000e+00 1.000000000000000e+00 0.000000000000000e+00
cras   = 2.031807250976562e+02 2.745241088867188e+02 5.181687011718750e+02
