# transform file /usr/local/freesurfer/subjects/3574/mri/transforms/cc_up.lta
# created by ubuntu on Wed Jan 17 14:37:28 2018

type      = 0 # LINEAR_VOX_TO_VOX
nxforms   = 1
mean      = 130.0000 111.0000 115.0000
sigma     = 10000.0000
1 4 4
9.859057664871216e-01 2.221816405653954e-02 1.658200174570084e-01 -1.925691032409668e+01 
-2.191042527556419e-02 9.997531771659851e-01 -3.685126313939691e-03 4.125035476684570e+01 
-1.658609658479691e-01 0.000000000000000e+00 9.861491322517395e-01 4.494810867309570e+01 
0.000000000000000e+00 0.000000000000000e+00 0.000000000000000e+00 1.000000000000000e+00 
src volume info
valid = 1  # volume info valid
filename = /usr/local/freesurfer/subjects/3574/mri/norm.mgz
volume = 256 256 256
voxelsize = 1.000000000000000e+00 1.000000000000000e+00 1.000000000000000e+00
xras   = -1.000000000000000e+00 0.000000000000000e+00 0.000000000000000e+00
yras   = 0.000000000000000e+00 0.000000000000000e+00 -1.000000000000000e+00
zras   = 0.000000000000000e+00 1.000000000000000e+00 0.000000000000000e+00
cras   = 1.940465698242188e+02 2.752118530273438e+02 5.341865234375000e+02
dst volume info
valid = 1  # volume info valid
filename = /usr/local/freesurfer/subjects/3574/mri/norm.mgz
volume = 256 256 256
voxelsize = 1.000000000000000e+00 1.000000000000000e+00 1.000000000000000e+00
xras   = -1.000000000000000e+00 0.000000000000000e+00 0.000000000000000e+00
yras   = 0.000000000000000e+00 0.000000000000000e+00 -1.000000000000000e+00
zras   = 0.000000000000000e+00 1.000000000000000e+00 0.000000000000000e+00
cras   = 1.940465698242188e+02 2.752118530273438e+02 5.341865234375000e+02
