# transform file /usr/local/freesurfer/subjects/3832/mri/transforms/cc_up.lta
# created by ubuntu on Sat Jan 13 18:47:18 2018

type      = 0 # LINEAR_VOX_TO_VOX
nxforms   = 1
mean      = 129.0000 103.0000 113.0000
sigma     = 10000.0000
1 4 4
9.998525977134705e-01 -9.546484798192978e-03 1.427688449621201e-02 -6.449455022811890e-01 
9.545511566102505e-03 9.999545216560364e-01 1.363002520520240e-04 4.675864410400391e+01 
-1.427753455936909e-02 1.455191696309033e-11 9.998981356620789e-01 2.985200500488281e+01 
0.000000000000000e+00 0.000000000000000e+00 0.000000000000000e+00 1.000000000000000e+00 
src volume info
valid = 1  # volume info valid
filename = /usr/local/freesurfer/subjects/3832/mri/norm.mgz
volume = 256 256 256
voxelsize = 1.000000000000000e+00 1.000000000000000e+00 1.000000000000000e+00
xras   = -1.000000000000000e+00 0.000000000000000e+00 0.000000000000000e+00
yras   = 0.000000000000000e+00 0.000000000000000e+00 -1.000000000000000e+00
zras   = 0.000000000000000e+00 1.000000000000000e+00 0.000000000000000e+00
cras   = 2.372787475585938e+02 2.781492919921875e+02 4.961630859375000e+02
dst volume info
valid = 1  # volume info valid
filename = /usr/local/freesurfer/subjects/3832/mri/norm.mgz
volume = 256 256 256
voxelsize = 1.000000000000000e+00 1.000000000000000e+00 1.000000000000000e+00
xras   = -1.000000000000000e+00 0.000000000000000e+00 0.000000000000000e+00
yras   = 0.000000000000000e+00 0.000000000000000e+00 -1.000000000000000e+00
zras   = 0.000000000000000e+00 1.000000000000000e+00 0.000000000000000e+00
cras   = 2.372787475585938e+02 2.781492919921875e+02 4.961630859375000e+02
