# transform file /usr/local/freesurfer/subjects/3364/mri/transforms/cc_up.lta
# created by ubuntu on Wed Jan  3 14:13:49 2018

type      = 0 # LINEAR_VOX_TO_VOX
nxforms   = 1
mean      = 129.0000 134.0000 125.0000
sigma     = 10000.0000
1 4 4
9.991213679313660e-01 4.064831882715225e-02 1.021088380366564e-02 -7.581152915954590e+00 
-4.064619541168213e-02 9.991735816001892e-01 -4.153985937591642e-04 2.642720222473145e+01 
-1.021932996809483e-02 2.910383045673370e-11 9.999477863311768e-01 9.336007118225098e+00 
0.000000000000000e+00 0.000000000000000e+00 0.000000000000000e+00 1.000000000000000e+00 
src volume info
valid = 1  # volume info valid
filename = /usr/local/freesurfer/subjects/3364/mri/norm.mgz
volume = 256 256 256
voxelsize = 1.000000000000000e+00 1.000000000000000e+00 1.000000000000000e+00
xras   = -1.000000000000000e+00 0.000000000000000e+00 0.000000000000000e+00
yras   = 0.000000000000000e+00 0.000000000000000e+00 -1.000000000000000e+00
zras   = 0.000000000000000e+00 1.000000000000000e+00 0.000000000000000e+00
cras   = 2.018897399902344e+02 2.890746459960938e+02 5.215051269531250e+02
dst volume info
valid = 1  # volume info valid
filename = /usr/local/freesurfer/subjects/3364/mri/norm.mgz
volume = 256 256 256
voxelsize = 1.000000000000000e+00 1.000000000000000e+00 1.000000000000000e+00
xras   = -1.000000000000000e+00 0.000000000000000e+00 0.000000000000000e+00
yras   = 0.000000000000000e+00 0.000000000000000e+00 -1.000000000000000e+00
zras   = 0.000000000000000e+00 1.000000000000000e+00 0.000000000000000e+00
cras   = 2.018897399902344e+02 2.890746459960938e+02 5.215051269531250e+02
