# transform file /usr/local/freesurfer/subjects/3362/mri/transforms/cc_up.lta
# created by ubuntu on Wed Jan  3 14:03:43 2018

type      = 0 # LINEAR_VOX_TO_VOX
nxforms   = 1
mean      = 129.0000 133.0000 128.0000
sigma     = 10000.0000
1 4 4
9.987418055534363e-01 4.821661487221718e-02 1.378260739147663e-02 -6.878087997436523e+00 
-4.821202531456947e-02 9.988369345664978e-01 -6.653245072811842e-04 2.242878341674805e+01 
-1.379865594208241e-02 0.000000000000000e+00 9.999048113822937e-01 1.079135417938232e+01 
0.000000000000000e+00 0.000000000000000e+00 0.000000000000000e+00 1.000000000000000e+00 
src volume info
valid = 1  # volume info valid
filename = /usr/local/freesurfer/subjects/3362/mri/norm.mgz
volume = 256 256 256
voxelsize = 1.000000000000000e+00 1.000000000000000e+00 1.000000000000000e+00
xras   = -1.000000000000000e+00 0.000000000000000e+00 0.000000000000000e+00
yras   = 0.000000000000000e+00 0.000000000000000e+00 -1.000000000000000e+00
zras   = 0.000000000000000e+00 1.000000000000000e+00 0.000000000000000e+00
cras   = 2.107033081054688e+02 2.951217651367188e+02 5.220509033203125e+02
dst volume info
valid = 1  # volume info valid
filename = /usr/local/freesurfer/subjects/3362/mri/norm.mgz
volume = 256 256 256
voxelsize = 1.000000000000000e+00 1.000000000000000e+00 1.000000000000000e+00
xras   = -1.000000000000000e+00 0.000000000000000e+00 0.000000000000000e+00
yras   = 0.000000000000000e+00 0.000000000000000e+00 -1.000000000000000e+00
zras   = 0.000000000000000e+00 1.000000000000000e+00 0.000000000000000e+00
cras   = 2.107033081054688e+02 2.951217651367188e+02 5.220509033203125e+02
