# transform file /usr/local/freesurfer/subjects/3965/mri/transforms/cc_up.lta
# created by ubuntu on Fri Jan 19 03:26:22 2018

type      = 0 # LINEAR_VOX_TO_VOX
nxforms   = 1
mean      = 131.0000 100.0000 108.0000
sigma     = 10000.0000
1 4 4
9.991784095764160e-01 4.028679430484772e-02 4.421043209731579e-03 -6.077192783355713e+00 
-4.028639942407608e-02 9.991881847381592e-01 -1.782543695298955e-04 5.934580993652344e+01 
-4.424635786563158e-03 0.000000000000000e+00 9.999902844429016e-01 3.957965850830078e+01 
0.000000000000000e+00 0.000000000000000e+00 0.000000000000000e+00 1.000000000000000e+00 
src volume info
valid = 1  # volume info valid
filename = /usr/local/freesurfer/subjects/3965/mri/norm.mgz
volume = 256 256 256
voxelsize = 1.000000000000000e+00 1.000000000000000e+00 1.000000000000000e+00
xras   = -1.000000000000000e+00 0.000000000000000e+00 0.000000000000000e+00
yras   = 0.000000000000000e+00 0.000000000000000e+00 -1.000000000000000e+00
zras   = 0.000000000000000e+00 1.000000000000000e+00 0.000000000000000e+00
cras   = 1.895079345703125e+02 2.868602294921875e+02 5.358969726562500e+02
dst volume info
valid = 1  # volume info valid
filename = /usr/local/freesurfer/subjects/3965/mri/norm.mgz
volume = 256 256 256
voxelsize = 1.000000000000000e+00 1.000000000000000e+00 1.000000000000000e+00
xras   = -1.000000000000000e+00 0.000000000000000e+00 0.000000000000000e+00
yras   = 0.000000000000000e+00 0.000000000000000e+00 -1.000000000000000e+00
zras   = 0.000000000000000e+00 1.000000000000000e+00 0.000000000000000e+00
cras   = 1.895079345703125e+02 2.868602294921875e+02 5.358969726562500e+02
