# transform file transforms/talairach.lta
# created by ubuntu on Thu Jan 18 19:39:29 2018

type      = 0 # LINEAR_VOX_TO_VOX
nxforms   = 1
mean      = 130.0000 100.0000 108.0000
sigma     = 10000.0000
1 4 4
1.011780619621277e+00 2.826027199625969e-02 -1.719603082165122e-03 -7.445068359375000e+00 
-2.572588622570038e-02 1.126188635826111e+00 2.477666437625885e-01 -9.788684844970703e+00 
8.414366282522678e-03 -2.296420037746429e-01 1.074880599975586e+00 1.564301109313965e+01 
0.000000000000000e+00 0.000000000000000e+00 0.000000000000000e+00 1.000000000000000e+00 
src volume info
valid = 1  # volume info valid
filename = nu.mgz
volume = 256 256 256
voxelsize = 1.000000000000000e+00 1.000000000000000e+00 1.000000000000000e+00
xras   = -1.000000000000000e+00 0.000000000000000e+00 0.000000000000000e+00
yras   = 0.000000000000000e+00 0.000000000000000e+00 -1.000000000000000e+00
zras   = 0.000000000000000e+00 1.000000000000000e+00 0.000000000000000e+00
cras   = 1.895079345703125e+02 2.868602294921875e+02 5.358969726562500e+02
dst volume info
valid = 1  # volume info valid
filename = /usr/local/freesurfer/average/RB_all_2016-05-10.vc700.gca
volume = 256 256 256
voxelsize = 1.000000000000000e+00 1.000000000000000e+00 1.000000000000000e+00
xras   = -1.000000000000000e+00 0.000000000000000e+00 0.000000000000000e+00
yras   = 0.000000000000000e+00 0.000000000000000e+00 -1.000000000000000e+00
zras   = 0.000000000000000e+00 1.000000000000000e+00 0.000000000000000e+00
cras   = 0.000000000000000e+00 0.000000000000000e+00 0.000000000000000e+00
