# transform file /usr/local/freesurfer/subjects/3700/mri/transforms/cc_up.lta
# created by ubuntu on Fri Jan 12 14:00:29 2018

type      = 0 # LINEAR_VOX_TO_VOX
nxforms   = 1
mean      = 129.0000 103.0000 119.0000
sigma     = 10000.0000
1 4 4
9.992964267730713e-01 3.438637778162956e-02 -1.498000789433718e-02 -2.086241722106934e+00 
-3.438251465559006e-02 9.994086623191833e-01 5.154129466973245e-04 4.939232635498047e+01 
1.498887222260237e-02 0.000000000000000e+00 9.998877644538879e-01 1.409400272369385e+01 
0.000000000000000e+00 0.000000000000000e+00 0.000000000000000e+00 1.000000000000000e+00 
src volume info
valid = 1  # volume info valid
filename = /usr/local/freesurfer/subjects/3700/mri/norm.mgz
volume = 256 256 256
voxelsize = 1.000000000000000e+00 1.000000000000000e+00 1.000000000000000e+00
xras   = -1.000000000000000e+00 0.000000000000000e+00 0.000000000000000e+00
yras   = 0.000000000000000e+00 0.000000000000000e+00 -1.000000000000000e+00
zras   = 0.000000000000000e+00 1.000000000000000e+00 0.000000000000000e+00
cras   = 2.335652770996094e+02 3.060103149414062e+02 5.081945190429688e+02
dst volume info
valid = 1  # volume info valid
filename = /usr/local/freesurfer/subjects/3700/mri/norm.mgz
volume = 256 256 256
voxelsize = 1.000000000000000e+00 1.000000000000000e+00 1.000000000000000e+00
xras   = -1.000000000000000e+00 0.000000000000000e+00 0.000000000000000e+00
yras   = 0.000000000000000e+00 0.000000000000000e+00 -1.000000000000000e+00
zras   = 0.000000000000000e+00 1.000000000000000e+00 0.000000000000000e+00
cras   = 2.335652770996094e+02 3.060103149414062e+02 5.081945190429688e+02
