# transform file /usr/local/freesurfer/subjects/3604/mri/transforms/cc_up.lta
# created by ubuntu on Fri Jan 19 21:01:52 2018

type      = 0 # LINEAR_VOX_TO_VOX
nxforms   = 1
mean      = 128.0000 125.0000 109.0000
sigma     = 10000.0000
1 4 4
9.997168183326721e-01 -2.151549234986305e-02 1.017502043396235e-02 2.791317939758301e+00 
2.151437848806381e-02 9.997685551643372e-01 2.189712540712208e-04 1.825915145874023e+01 
-1.017737668007612e-02 1.455191696309033e-11 9.999482631683350e-01 3.630346679687500e+01 
0.000000000000000e+00 0.000000000000000e+00 0.000000000000000e+00 1.000000000000000e+00 
src volume info
valid = 1  # volume info valid
filename = /usr/local/freesurfer/subjects/3604/mri/norm.mgz
volume = 256 256 256
voxelsize = 1.000000000000000e+00 1.000000000000000e+00 1.000000000000000e+00
xras   = -1.000000000000000e+00 0.000000000000000e+00 0.000000000000000e+00
yras   = 0.000000000000000e+00 0.000000000000000e+00 -1.000000000000000e+00
zras   = 0.000000000000000e+00 1.000000000000000e+00 0.000000000000000e+00
cras   = 2.111840209960938e+02 3.022189331054688e+02 5.463357543945312e+02
dst volume info
valid = 1  # volume info valid
filename = /usr/local/freesurfer/subjects/3604/mri/norm.mgz
volume = 256 256 256
voxelsize = 1.000000000000000e+00 1.000000000000000e+00 1.000000000000000e+00
xras   = -1.000000000000000e+00 0.000000000000000e+00 0.000000000000000e+00
yras   = 0.000000000000000e+00 0.000000000000000e+00 -1.000000000000000e+00
zras   = 0.000000000000000e+00 1.000000000000000e+00 0.000000000000000e+00
cras   = 2.111840209960938e+02 3.022189331054688e+02 5.463357543945312e+02
