# transform file /usr/local/freesurfer/subjects/3709/mri/transforms/cc_up.lta
# created by ubuntu on Fri Jan 12 13:47:34 2018

type      = 0 # LINEAR_VOX_TO_VOX
nxforms   = 1
mean      = 130.0000 106.0000 108.0000
sigma     = 10000.0000
1 4 4
9.994426369667053e-01 2.972473390400410e-02 -1.519606076180935e-02 -2.525878190994263e+00 
-2.972129918634892e-02 9.995581507682800e-01 4.518985515460372e-04 4.184178161621094e+01 
1.520277932286263e-02 -2.910383045673370e-11 9.998844861984253e-01 3.204436492919922e+01 
0.000000000000000e+00 0.000000000000000e+00 0.000000000000000e+00 1.000000000000000e+00 
src volume info
valid = 1  # volume info valid
filename = /usr/local/freesurfer/subjects/3709/mri/norm.mgz
volume = 256 256 256
voxelsize = 1.000000000000000e+00 1.000000000000000e+00 1.000000000000000e+00
xras   = -1.000000000000000e+00 0.000000000000000e+00 0.000000000000000e+00
yras   = 0.000000000000000e+00 0.000000000000000e+00 -9.999999403953552e-01
zras   = 0.000000000000000e+00 9.999999403953552e-01 0.000000000000000e+00
cras   = 2.146261596679688e+02 3.710580444335938e+02 5.640996093750000e+02
dst volume info
valid = 1  # volume info valid
filename = /usr/local/freesurfer/subjects/3709/mri/norm.mgz
volume = 256 256 256
voxelsize = 1.000000000000000e+00 1.000000000000000e+00 1.000000000000000e+00
xras   = -1.000000000000000e+00 0.000000000000000e+00 0.000000000000000e+00
yras   = 0.000000000000000e+00 0.000000000000000e+00 -9.999999403953552e-01
zras   = 0.000000000000000e+00 9.999999403953552e-01 0.000000000000000e+00
cras   = 2.146261596679688e+02 3.710580444335938e+02 5.640996093750000e+02
