# transform file /usr/local/freesurfer/subjects/4020/mri/transforms/cc_up.lta
# created by ubuntu on Tue Jan 16 06:44:25 2018

type      = 0 # LINEAR_VOX_TO_VOX
nxforms   = 1
mean      = 119.0000 122.0000 125.0000
sigma     = 10000.0000
1 4 4
9.994260072708130e-01 -6.286907475441694e-03 -3.329039737582207e-02 1.386968898773193e+01 
6.283422932028770e-03 9.999802708625793e-01 -2.092977811116725e-04 2.828049850463867e+01 
3.329105302691460e-02 0.000000000000000e+00 9.994457364082336e-01 2.011988067626953e+01 
0.000000000000000e+00 0.000000000000000e+00 0.000000000000000e+00 1.000000000000000e+00 
src volume info
valid = 1  # volume info valid
filename = /usr/local/freesurfer/subjects/4020/mri/norm.mgz
volume = 256 256 256
voxelsize = 1.000000000000000e+00 1.000000000000000e+00 1.000000000000000e+00
xras   = -1.000000000000000e+00 0.000000000000000e+00 0.000000000000000e+00
yras   = 0.000000000000000e+00 0.000000000000000e+00 -1.000000000000000e+00
zras   = 0.000000000000000e+00 1.000000000000000e+00 0.000000000000000e+00
cras   = 2.160000000000000e+02 2.725000000000000e+02 5.290000000000000e+02
dst volume info
valid = 1  # volume info valid
filename = /usr/local/freesurfer/subjects/4020/mri/norm.mgz
volume = 256 256 256
voxelsize = 1.000000000000000e+00 1.000000000000000e+00 1.000000000000000e+00
xras   = -1.000000000000000e+00 0.000000000000000e+00 0.000000000000000e+00
yras   = 0.000000000000000e+00 0.000000000000000e+00 -1.000000000000000e+00
zras   = 0.000000000000000e+00 1.000000000000000e+00 0.000000000000000e+00
cras   = 2.160000000000000e+02 2.725000000000000e+02 5.290000000000000e+02
