# transform file transforms/talairach.lta
# created by ubuntu on Mon Jan 15 20:32:19 2018

type      = 0 # LINEAR_VOX_TO_VOX
nxforms   = 1
mean      = 119.0000 122.0000 125.0000
sigma     = 10000.0000
1 4 4
1.037817358970642e+00 1.480002980679274e-02 -3.891216591000557e-02 6.340384483337402e+00 
-9.321263059973717e-03 1.062090992927551e+00 1.585976481437683e-01 -1.972244644165039e+01 
4.156340658664703e-02 -1.262390017509460e-01 9.711248874664307e-01 -3.163529634475708e-01 
0.000000000000000e+00 0.000000000000000e+00 0.000000000000000e+00 1.000000000000000e+00 
src volume info
valid = 1  # volume info valid
filename = nu.mgz
volume = 256 256 256
voxelsize = 1.000000000000000e+00 1.000000000000000e+00 1.000000000000000e+00
xras   = -1.000000000000000e+00 0.000000000000000e+00 0.000000000000000e+00
yras   = 0.000000000000000e+00 0.000000000000000e+00 -1.000000000000000e+00
zras   = 0.000000000000000e+00 1.000000000000000e+00 0.000000000000000e+00
cras   = 2.160000000000000e+02 2.725000000000000e+02 5.290000000000000e+02
dst volume info
valid = 1  # volume info valid
filename = /usr/local/freesurfer/average/RB_all_2016-05-10.vc700.gca
volume = 256 256 256
voxelsize = 1.000000000000000e+00 1.000000000000000e+00 1.000000000000000e+00
xras   = -1.000000000000000e+00 0.000000000000000e+00 0.000000000000000e+00
yras   = 0.000000000000000e+00 0.000000000000000e+00 -1.000000000000000e+00
zras   = 0.000000000000000e+00 1.000000000000000e+00 0.000000000000000e+00
cras   = 0.000000000000000e+00 0.000000000000000e+00 0.000000000000000e+00
