# transform file /usr/local/freesurfer/subjects/3120/mri/transforms/cc_up.lta
# created by ubuntu on Sun Dec 31 14:41:53 2017

type      = 0 # LINEAR_VOX_TO_VOX
nxforms   = 1
mean      = 127.0000 121.0000 119.0000
sigma     = 10000.0000
1 4 4
9.980806112289429e-01 4.417880252003670e-02 -4.339886456727982e-02 1.121336936950684e+00 
-4.413709789514542e-02 9.990236759185791e-01 1.919183647260070e-03 3.446984100341797e+01 
4.344127699732780e-02 0.000000000000000e+00 9.990559816360474e-01 1.561040973663330e+01 
0.000000000000000e+00 0.000000000000000e+00 0.000000000000000e+00 1.000000000000000e+00 
src volume info
valid = 1  # volume info valid
filename = /usr/local/freesurfer/subjects/3120/mri/norm.mgz
volume = 256 256 256
voxelsize = 1.000000000000000e+00 1.000000000000000e+00 1.000000000000000e+00
xras   = -1.000000000000000e+00 0.000000000000000e+00 0.000000000000000e+00
yras   = 0.000000000000000e+00 0.000000000000000e+00 -1.000000000000000e+00
zras   = 0.000000000000000e+00 1.000000000000000e+00 0.000000000000000e+00
cras   = 2.045301208496094e+02 2.758734741210938e+02 5.249156494140625e+02
dst volume info
valid = 1  # volume info valid
filename = /usr/local/freesurfer/subjects/3120/mri/norm.mgz
volume = 256 256 256
voxelsize = 1.000000000000000e+00 1.000000000000000e+00 1.000000000000000e+00
xras   = -1.000000000000000e+00 0.000000000000000e+00 0.000000000000000e+00
yras   = 0.000000000000000e+00 0.000000000000000e+00 -1.000000000000000e+00
zras   = 0.000000000000000e+00 1.000000000000000e+00 0.000000000000000e+00
cras   = 2.045301208496094e+02 2.758734741210938e+02 5.249156494140625e+02
