# transform file transforms/talairach.lta
# created by ubuntu on Mon Jan 15 20:16:55 2018

type      = 0 # LINEAR_VOX_TO_VOX
nxforms   = 1
mean      = 132.0000 126.0000 120.0000
sigma     = 10000.0000
1 4 4
1.071209669113159e+00 -6.960568577051163e-02 9.449227899312973e-02 -1.598430824279785e+01 
4.046971723437309e-02 1.159397840499878e+00 2.954131364822388e-01 -5.547153854370117e+01 
-9.523953497409821e-02 -2.395590692758560e-01 9.688857793807983e-01 3.706630706787109e+01 
0.000000000000000e+00 0.000000000000000e+00 0.000000000000000e+00 1.000000000000000e+00 
src volume info
valid = 1  # volume info valid
filename = nu.mgz
volume = 256 256 256
voxelsize = 1.000000000000000e+00 1.000000000000000e+00 1.000000000000000e+00
xras   = -1.000000000000000e+00 0.000000000000000e+00 0.000000000000000e+00
yras   = 0.000000000000000e+00 0.000000000000000e+00 -1.000000000000000e+00
zras   = 0.000000000000000e+00 1.000000000000000e+00 0.000000000000000e+00
cras   = 2.160000000000000e+02 2.725000000000000e+02 5.240000000000000e+02
dst volume info
valid = 1  # volume info valid
filename = /usr/local/freesurfer/average/RB_all_2016-05-10.vc700.gca
volume = 256 256 256
voxelsize = 1.000000000000000e+00 1.000000000000000e+00 1.000000000000000e+00
xras   = -1.000000000000000e+00 0.000000000000000e+00 0.000000000000000e+00
yras   = 0.000000000000000e+00 0.000000000000000e+00 -1.000000000000000e+00
zras   = 0.000000000000000e+00 1.000000000000000e+00 0.000000000000000e+00
cras   = 0.000000000000000e+00 0.000000000000000e+00 0.000000000000000e+00
