# transform file /usr/local/freesurfer/subjects/3587/mri/transforms/cc_up.lta
# created by ubuntu on Wed Jan 17 15:17:05 2018

type      = 0 # LINEAR_VOX_TO_VOX
nxforms   = 1
mean      = 129.0000 111.0000 112.0000
sigma     = 10000.0000
1 4 4
9.951633214950562e-01 3.944927081465721e-02 8.996614813804626e-02 -1.327744102478027e+01 
-3.928904607892036e-02 9.992216825485229e-01 -3.551863599568605e-03 4.150595855712891e+01 
-9.003622829914093e-02 0.000000000000000e+00 9.959385395050049e-01 4.807837295532227e+01 
0.000000000000000e+00 0.000000000000000e+00 0.000000000000000e+00 1.000000000000000e+00 
src volume info
valid = 1  # volume info valid
filename = /usr/local/freesurfer/subjects/3587/mri/norm.mgz
volume = 256 256 256
voxelsize = 1.000000000000000e+00 1.000000000000000e+00 1.000000000000000e+00
xras   = -1.000000000000000e+00 0.000000000000000e+00 0.000000000000000e+00
yras   = 0.000000000000000e+00 0.000000000000000e+00 -1.000000000000000e+00
zras   = 0.000000000000000e+00 1.000000000000000e+00 0.000000000000000e+00
cras   = 1.997288208007812e+02 2.725000000000000e+02 5.412881469726562e+02
dst volume info
valid = 1  # volume info valid
filename = /usr/local/freesurfer/subjects/3587/mri/norm.mgz
volume = 256 256 256
voxelsize = 1.000000000000000e+00 1.000000000000000e+00 1.000000000000000e+00
xras   = -1.000000000000000e+00 0.000000000000000e+00 0.000000000000000e+00
yras   = 0.000000000000000e+00 0.000000000000000e+00 -1.000000000000000e+00
zras   = 0.000000000000000e+00 1.000000000000000e+00 0.000000000000000e+00
cras   = 1.997288208007812e+02 2.725000000000000e+02 5.412881469726562e+02
