# transform file /usr/local/freesurfer/subjects/3830/mri/transforms/cc_up.lta
# created by ubuntu on Sat Jan 13 19:12:24 2018

type      = 0 # LINEAR_VOX_TO_VOX
nxforms   = 1
mean      = 129.0000 101.0000 113.0000
sigma     = 10000.0000
1 4 4
9.999608993530273e-01 7.938093505799770e-03 -3.921826835721731e-03 -2.499016076326370e-01 
-7.938032969832420e-03 9.999685883522034e-01 3.113281127298251e-05 4.601547622680664e+01 
3.921950235962868e-03 -3.637979240772582e-12 9.999923706054688e-01 2.449878501892090e+01 
0.000000000000000e+00 0.000000000000000e+00 0.000000000000000e+00 1.000000000000000e+00 
src volume info
valid = 1  # volume info valid
filename = /usr/local/freesurfer/subjects/3830/mri/norm.mgz
volume = 256 256 256
voxelsize = 1.000000000000000e+00 1.000000000000000e+00 1.000000000000000e+00
xras   = -1.000000000000000e+00 0.000000000000000e+00 0.000000000000000e+00
yras   = 0.000000000000000e+00 0.000000000000000e+00 -1.000000000000000e+00
zras   = 0.000000000000000e+00 1.000000000000000e+00 0.000000000000000e+00
cras   = 2.218716430664062e+02 2.839725952148438e+02 5.106570434570312e+02
dst volume info
valid = 1  # volume info valid
filename = /usr/local/freesurfer/subjects/3830/mri/norm.mgz
volume = 256 256 256
voxelsize = 1.000000000000000e+00 1.000000000000000e+00 1.000000000000000e+00
xras   = -1.000000000000000e+00 0.000000000000000e+00 0.000000000000000e+00
yras   = 0.000000000000000e+00 0.000000000000000e+00 -1.000000000000000e+00
zras   = 0.000000000000000e+00 1.000000000000000e+00 0.000000000000000e+00
cras   = 2.218716430664062e+02 2.839725952148438e+02 5.106570434570312e+02
