# transform file /usr/local/freesurfer/subjects/3116/mri/transforms/cc_up.lta
# created by ubuntu on Sun Dec 31 14:32:15 2017

type      = 0 # LINEAR_VOX_TO_VOX
nxforms   = 1
mean      = 126.0000 122.0000 124.0000
sigma     = 10000.0000
1 4 4
9.943166375160217e-01 1.534558925777674e-02 1.053522080183029e-01 -1.262058162689209e+01 
-1.526017021387815e-02 9.998823404312134e-01 -1.616882043890655e-03 2.814614486694336e+01 
-1.053646132349968e-01 1.164153357047226e-10 9.944337010383606e-01 3.010833740234375e+01 
0.000000000000000e+00 0.000000000000000e+00 0.000000000000000e+00 1.000000000000000e+00 
src volume info
valid = 1  # volume info valid
filename = /usr/local/freesurfer/subjects/3116/mri/norm.mgz
volume = 256 256 256
voxelsize = 1.000000000000000e+00 1.000000000000000e+00 1.000000000000000e+00
xras   = -1.000000000000000e+00 0.000000000000000e+00 0.000000000000000e+00
yras   = 0.000000000000000e+00 0.000000000000000e+00 -1.000000000000000e+00
zras   = 0.000000000000000e+00 1.000000000000000e+00 0.000000000000000e+00
cras   = 2.058795166015625e+02 2.805963745117188e+02 5.168192749023438e+02
dst volume info
valid = 1  # volume info valid
filename = /usr/local/freesurfer/subjects/3116/mri/norm.mgz
volume = 256 256 256
voxelsize = 1.000000000000000e+00 1.000000000000000e+00 1.000000000000000e+00
xras   = -1.000000000000000e+00 0.000000000000000e+00 0.000000000000000e+00
yras   = 0.000000000000000e+00 0.000000000000000e+00 -1.000000000000000e+00
zras   = 0.000000000000000e+00 1.000000000000000e+00 0.000000000000000e+00
cras   = 2.058795166015625e+02 2.805963745117188e+02 5.168192749023438e+02
