# transform file /usr/local/freesurfer/subjects/3838/mri/transforms/cc_up.lta
# created by ubuntu on Sat Jan 13 19:22:16 2018

type      = 0 # LINEAR_VOX_TO_VOX
nxforms   = 1
mean      = 128.0000 98.0000 117.0000
sigma     = 10000.0000
1 4 4
9.999703764915466e-01 6.788666360080242e-03 -3.625729354098439e-03 8.590651154518127e-01 
-6.788621656596661e-03 9.999769926071167e-01 2.461443364154547e-05 4.986810302734375e+01 
3.625812940299511e-03 0.000000000000000e+00 9.999933838844299e-01 1.953660392761230e+01 
0.000000000000000e+00 0.000000000000000e+00 0.000000000000000e+00 1.000000000000000e+00 
src volume info
valid = 1  # volume info valid
filename = /usr/local/freesurfer/subjects/3838/mri/norm.mgz
volume = 256 256 256
voxelsize = 1.000000000000000e+00 1.000000000000000e+00 1.000000000000000e+00
xras   = -1.000000000000000e+00 0.000000000000000e+00 0.000000000000000e+00
yras   = 0.000000000000000e+00 0.000000000000000e+00 -1.000000000000000e+00
zras   = 0.000000000000000e+00 1.000000000000000e+00 0.000000000000000e+00
cras   = 2.348516235351562e+02 2.773565673828125e+02 4.874288940429688e+02
dst volume info
valid = 1  # volume info valid
filename = /usr/local/freesurfer/subjects/3838/mri/norm.mgz
volume = 256 256 256
voxelsize = 1.000000000000000e+00 1.000000000000000e+00 1.000000000000000e+00
xras   = -1.000000000000000e+00 0.000000000000000e+00 0.000000000000000e+00
yras   = 0.000000000000000e+00 0.000000000000000e+00 -1.000000000000000e+00
zras   = 0.000000000000000e+00 1.000000000000000e+00 0.000000000000000e+00
cras   = 2.348516235351562e+02 2.773565673828125e+02 4.874288940429688e+02
