# transform file /usr/local/freesurfer/subjects/3668/mri/transforms/cc_up.lta
# created by ubuntu on Fri Jan 12 13:07:54 2018

type      = 0 # LINEAR_VOX_TO_VOX
nxforms   = 1
mean      = 128.0000 135.0000 103.0000
sigma     = 10000.0000
1 4 4
9.996513128280640e-01 1.863899454474449e-02 -1.870356872677803e-02 -4.871876910328865e-02 
-1.863573305308819e-02 9.998262524604797e-01 3.486762871034443e-04 5.365396022796631e+00 
1.870681717991829e-02 0.000000000000000e+00 9.998250007629395e-01 2.062900161743164e+01 
0.000000000000000e+00 0.000000000000000e+00 0.000000000000000e+00 1.000000000000000e+00 
src volume info
valid = 1  # volume info valid
filename = /usr/local/freesurfer/subjects/3668/mri/norm.mgz
volume = 256 256 256
voxelsize = 1.000000000000000e+00 1.000000000000000e+00 1.000000000000000e+00
xras   = -1.000000000000000e+00 0.000000000000000e+00 0.000000000000000e+00
yras   = 0.000000000000000e+00 0.000000000000000e+00 -1.000000000000000e+00
zras   = 0.000000000000000e+00 1.000000000000000e+00 0.000000000000000e+00
cras   = 1.675994262695312e+02 2.179183349609375e+02 4.740604248046875e+02
dst volume info
valid = 1  # volume info valid
filename = /usr/local/freesurfer/subjects/3668/mri/norm.mgz
volume = 256 256 256
voxelsize = 1.000000000000000e+00 1.000000000000000e+00 1.000000000000000e+00
xras   = -1.000000000000000e+00 0.000000000000000e+00 0.000000000000000e+00
yras   = 0.000000000000000e+00 0.000000000000000e+00 -1.000000000000000e+00
zras   = 0.000000000000000e+00 1.000000000000000e+00 0.000000000000000e+00
cras   = 1.675994262695312e+02 2.179183349609375e+02 4.740604248046875e+02
