# transform file /usr/local/freesurfer/subjects/4025/mri/transforms/cc_up.lta
# created by ubuntu on Tue Jan 16 06:29:52 2018

type      = 0 # LINEAR_VOX_TO_VOX
nxforms   = 1
mean      = 131.0000 111.0000 134.0000
sigma     = 10000.0000
1 4 4
9.981291890144348e-01 -4.214940592646599e-02 -4.429154470562935e-02 8.672404289245605e+00 
4.210796952247620e-02 9.991114139556885e-01 -1.868522842414677e-03 3.784814071655273e+01 
4.433093965053558e-02 1.164153357047226e-10 9.990170001983643e-01 -9.633252143859863e+00 
0.000000000000000e+00 0.000000000000000e+00 0.000000000000000e+00 1.000000000000000e+00 
src volume info
valid = 1  # volume info valid
filename = /usr/local/freesurfer/subjects/4025/mri/norm.mgz
volume = 256 256 256
voxelsize = 1.000000000000000e+00 1.000000000000000e+00 1.000000000000000e+00
xras   = -1.000000000000000e+00 0.000000000000000e+00 0.000000000000000e+00
yras   = 0.000000000000000e+00 0.000000000000000e+00 -1.000000000000000e+00
zras   = 0.000000000000000e+00 1.000000000000000e+00 0.000000000000000e+00
cras   = 2.160000000000000e+02 2.725000000000000e+02 5.040000000000000e+02
dst volume info
valid = 1  # volume info valid
filename = /usr/local/freesurfer/subjects/4025/mri/norm.mgz
volume = 256 256 256
voxelsize = 1.000000000000000e+00 1.000000000000000e+00 1.000000000000000e+00
xras   = -1.000000000000000e+00 0.000000000000000e+00 0.000000000000000e+00
yras   = 0.000000000000000e+00 0.000000000000000e+00 -1.000000000000000e+00
zras   = 0.000000000000000e+00 1.000000000000000e+00 0.000000000000000e+00
cras   = 2.160000000000000e+02 2.725000000000000e+02 5.040000000000000e+02
