# transform file /usr/local/freesurfer/subjects/3586/mri/transforms/cc_up.lta
# created by ubuntu on Wed Jan 17 15:42:11 2018

type      = 0 # LINEAR_VOX_TO_VOX
nxforms   = 1
mean      = 126.0000 129.0000 101.0000
sigma     = 10000.0000
1 4 4
9.981706738471985e-01 -5.762006342411041e-02 1.831047609448433e-02 7.321411609649658e+00 
5.761037021875381e-02 9.983385801315308e-01 1.056806650012732e-03 4.841876506805420e+00 
-1.834094896912575e-02 -1.164153218269348e-10 9.998317956924438e-01 4.332560348510742e+01 
0.000000000000000e+00 0.000000000000000e+00 0.000000000000000e+00 1.000000000000000e+00 
src volume info
valid = 1  # volume info valid
filename = /usr/local/freesurfer/subjects/3586/mri/norm.mgz
volume = 256 256 256
voxelsize = 1.000000000000000e+00 1.000000000000000e+00 1.000000000000000e+00
xras   = -1.000000000000000e+00 0.000000000000000e+00 0.000000000000000e+00
yras   = 0.000000000000000e+00 0.000000000000000e+00 -1.000000000000000e+00
zras   = 0.000000000000000e+00 1.000000000000000e+00 0.000000000000000e+00
cras   = 1.961491699218750e+02 2.725000000000000e+02 5.484474487304688e+02
dst volume info
valid = 1  # volume info valid
filename = /usr/local/freesurfer/subjects/3586/mri/norm.mgz
volume = 256 256 256
voxelsize = 1.000000000000000e+00 1.000000000000000e+00 1.000000000000000e+00
xras   = -1.000000000000000e+00 0.000000000000000e+00 0.000000000000000e+00
yras   = 0.000000000000000e+00 0.000000000000000e+00 -1.000000000000000e+00
zras   = 0.000000000000000e+00 1.000000000000000e+00 0.000000000000000e+00
cras   = 1.961491699218750e+02 2.725000000000000e+02 5.484474487304688e+02
