# transform file transforms/talairach.lta
# created by ubuntu on Wed Jan 17 04:38:41 2018

type      = 0 # LINEAR_VOX_TO_VOX
nxforms   = 1
mean      = 126.0000 129.0000 100.0000
sigma     = 10000.0000
1 4 4
9.761760234832764e-01 -4.481275379657745e-02 3.556163236498833e-02 4.361001491546631e+00 
1.795934326946735e-02 1.025485157966614e+00 4.857605397701263e-01 -5.681327819824219e+01 
-5.863109976053238e-02 -5.473829507827759e-01 8.193089365959167e-01 1.006838531494141e+02 
0.000000000000000e+00 0.000000000000000e+00 0.000000000000000e+00 1.000000000000000e+00 
src volume info
valid = 1  # volume info valid
filename = nu.mgz
volume = 256 256 256
voxelsize = 1.000000000000000e+00 1.000000000000000e+00 1.000000000000000e+00
xras   = -1.000000000000000e+00 0.000000000000000e+00 0.000000000000000e+00
yras   = 0.000000000000000e+00 0.000000000000000e+00 -1.000000000000000e+00
zras   = 0.000000000000000e+00 1.000000000000000e+00 0.000000000000000e+00
cras   = 1.961491699218750e+02 2.725000000000000e+02 5.484474487304688e+02
dst volume info
valid = 1  # volume info valid
filename = /usr/local/freesurfer/average/RB_all_2016-05-10.vc700.gca
volume = 256 256 256
voxelsize = 1.000000000000000e+00 1.000000000000000e+00 1.000000000000000e+00
xras   = -1.000000000000000e+00 0.000000000000000e+00 0.000000000000000e+00
yras   = 0.000000000000000e+00 0.000000000000000e+00 -1.000000000000000e+00
zras   = 0.000000000000000e+00 1.000000000000000e+00 0.000000000000000e+00
cras   = 0.000000000000000e+00 0.000000000000000e+00 0.000000000000000e+00
